UserID: 1
dart;
null;
no;
5.0;8.0;0.0;
6.0;9.0;167.0;
6.5;8.5;346.0;
8.0;10.0;829.0;
8.5;12.0;995.0;
;
z;
zigzag;
no;
5.0;13.5;0.0;
6.5;13.5;351.0;
6.5;13.0;532.0;
8.5;11.0;651.0;
8.0;9.0;765.0;
;
z;
bowl;
no;
8.0;9.0;0.0;
8.0;10.5;300.0;
7.5;11.0;353.0;
5.0;10.5;834.0;
5.5;8.5;1184.0;
6.0;10.0;1486.0;
7.5;11.0;1720.0;
9.5;13.0;1787.0;
;
bowl;
slope;
no;
10.0;7.0;0.0;
9.5;8.0;116.0;
9.5;9.5;284.0;
10.0;11.0;533.0;
8.5;12.0;885.0;
6.5;10.0;1135.0;
6.5;8.0;1241.0;
;
slope;
hat;
no;
10.0;8.0;0.0;
9.5;9.5;118.0;
9.5;9.5;169.0;
10.0;11.0;351.0;
10.0;13.5;484.0;
9.0;12.0;1018.0;
8.333333;10.0;1067.0;
6.0;9.5;1153.0;
5.0;8.0;1185.0;
5.0;9.666667;1552.0;
5.5;12.0;1668.0;
5.5;14.0;1785.0;
;
dart;
z;
no;
7.0;7.0;0.0;
6.5;8.5;234.0;
6.5;8.5;299.0;
8.0;8.0;717.0;
6.5;8.5;1503.0;
6.5;10.5;1966.0;
8.0;11.5;2616.0;
;
bowl;
z;
no;
7.0;7.0;0.0;
7.5;8.0;418.0;
7.5;8.5;485.0;
9.5;8.5;1502.0;
8.0;9.5;1899.0;
6.5;10.5;2083.0;
7.0;12.0;2267.0;
8.5;13.0;2616.0;
;
rightAngle;
z;
no;
9.5;7.5;0.0;
8.5;7.0;301.0;
7.5;7.5;651.0;
6.0;9.0;952.0;
6.0;11.0;1067.0;
6.0;13.0;2553.0;
8.0;13.5;2787.0;
;
bowl;
bowl;
yes;
9.0;8.5;0.0;
8.0;9.0;466.0;
6.5;8.5;767.0;
5.5;10.0;1304.0;
7.0;10.5;1602.0;
6.3333335;12.0;2369.0;
6.5;13.5;2670.0;
8.0;13.0;2971.0;
;
rightAngle;
bowl;
no;
7.0;8.0;0.0;
7.5;10.5;352.0;
7.5;10.5;401.0;
9.0;10.0;702.0;
9.5;8.5;952.0;
7.5;9.5;1353.0;
7.0;11.5;1534.0;
6.0;9.5;2204.0;
6.5;11.0;2734.0;
7.5;12.5;3036.0;
;
c;
doubleSlope;
no;
5.0;9.0;0.0;
6.5;9.5;652.0;
7.0;9.0;951.0;
7.3333335;10.5;1485.0;
8.5;12.0;1732.0;
;
slope;
zigzag;
no;
6.0;12.5;0.0;
5.5;13.5;166.0;
7.5;13.0;516.0;
7.5;11.0;834.0;
8.5;9.5;1001.0;
8.0;8.0;1185.0;
;
spiral;
w;
no;
9.5;7.5;0.0;
9.5;9.5;351.0;
9.5;9.5;417.0;
9.0;11.0;718.0;
6.3333335;9.5;1419.0;
5.5;8.0;1553.0;
7.5;7.5;2019.0;
8.666667;9.0;2317.0;
;
pigtail;
spiral;
no;
10.0;8.5;0.0;
9.5;9.5;182.0;
9.5;10.0;232.0;
10.5;11.5;482.0;
10.5;13.5;649.0;
9.0;13.0;1550.0;
7.3333335;12.0;1851.0;
6.5;10.5;1900.0;
6.0;9.0;2134.0;
7.5;9.5;2731.0;
;
hat;
hat;
yes;
9.5;7.0;0.0;
9.5;8.5;181.0;
9.5;9.0;234.0;
10.5;11.0;414.0;
9.0;10.5;882.0;
7.5;9.0;1064.0;
6.5;10.5;1547.0;
7.0;13.0;1732.0;
;
rightAngle;
z;
no;
7.0;7.5;0.0;
6.5;8.5;250.0;
7.0;9.5;483.0;
9.0;9.5;783.0;
9.5;8.0;966.0;
8.333333;9.5;1566.0;
7.5;11.0;1733.0;
9.0;12.0;1983.0;
10.5;13.5;2219.0;
;
spiral;
pigtail;
no;
10.0;7.5;0.0;
9.0;7.0;467.0;
8.5;7.0;517.0;
6.5;8.5;884.0;
7.0;10.0;1118.0;
6.6;12.0;2901.0;
8.5;11.5;3019.0;
10.0;10.5;3202.0;
;
c;
bowl;
no;
7.0;6.5;0.0;
7.5;7.5;351.0;
7.5;8.0;417.0;
9.5;7.0;884.0;
8.0;7.5;1249.0;
7.5;9.5;1485.0;
7.0;11.5;1902.0;
6.5;10.0;2200.0;
5.5;8.5;2433.0;
6.0;10.0;2736.0;
7.0;11.5;2966.0;
8.5;12.0;3083.0;
;
leftAngle;
hat;
no;
6.0;9.5;0.0;
7.5;8.5;789.0;
8.0;9.0;839.0;
8.25;10.666667;1371.0;
9.5;12.0;1489.0;
;
x;
hat;
no;
6.0;12.5;0.0;
8.0;12.5;533.0;
8.0;12.5;599.0;
9.0;10.5;1016.0;
9.0;8.5;1316.0;
;
rightAngle;
bowl;
no;
9.0;8.0;0.0;
9.0;9.5;418.0;
8.5;9.5;534.0;
9.0;11.0;1067.0;
6.6666665;9.5;1617.0;
5.5;7.5;1735.0;
7.0;8.0;2136.0;
8.5;8.5;2318.0;
;
dart;
spiral;
no;
9.0;8.0;0.0;
9.0;9.5;367.0;
9.5;10.0;468.0;
10.0;12.5;765.0;
8.5;11.5;1503.0;
6.5;10.5;1616.0;
7.0;8.5;1789.0;
8.0;10.5;2487.0;
8.0;8.0;2738.0;
;
dart;
z;
no;
10.0;7.0;0.0;
9.5;8.5;170.0;
9.5;9.0;303.0;
10.0;10.5;419.0;
9.5;12.0;888.0;
9.0;10.5;1121.0;
8.5;9.0;1304.0;
7.0;8.666667;1772.0;
7.75;10.0;1839.0;
7.6666665;12.0;2072.0;
6.5;13.0;2253.0;
;
tab;
z;
no;
6.0;7.5;0.0;
6.5;8.5;185.0;
6.5;9.0;652.0;
8.0;10.0;902.0;
9.5;8.5;1199.0;
8.0;9.0;1899.0;
7.75;11.5;2154.0;
;
tab;
zigzag;
no;
9.0;9.0;0.0;
7.5;8.5;768.0;
7.5;8.5;833.0;
6.0;9.0;1068.0;
6.0;11.5;1234.0;
7.0;13.0;2251.0;
6.5;14.5;2668.0;
8.5;14.5;2852.0;
9.5;13.0;3034.0;
;
spiral;
zigzag;
no;
7.0;7.0;0.0;
7.5;8.0;367.0;
8.0;8.5;481.0;
10.5;9.0;714.0;
10.0;7.5;964.0;
8.5;8.5;1498.0;
7.6666665;10.0;1781.0;
6.5;8.0;2316.0;
8.5;8.0;2864.0;
;
