UserID: 1
w;
null;
no;
6.0;10.0;0.0;
6.0;8.0;166.0;
6.0;7.0;280.0;
8.5;8.0;649.0;
11.0;8.5;763.0;
;
leftAngle;
hat;
no;
10.0;11.0;0.0;
10.0;9.0;116.0;
10.0;8.5;182.0;
8.0;8.0;667.0;
6.0;8.0;766.0;
;
doubleSlope;
bowl;
no;
7.0;8.0;0.0;
9.0;8.5;167.0;
10.0;9.0;300.0;
10.0;11.0;484.0;
8.0;12.0;717.0;
6.0;12.0;885.0;
5.0;10.0;1067.0;
6.5;9.0;1251.0;
8.0;8.0;1540.0;
9.5;6.5;1840.0;
;
rightAngle;
spiral;
no;
5.0;8.0;0.0;
6.5;8.0;166.0;
7.0;7.5;216.0;
9.0;7.5;401.0;
10.0;9.0;651.0;
9.0;11.0;883.0;
7.0;12.0;1166.0;
5.5;11.0;1284.0;
5.0;9.5;1466.0;
6.5;9.0;1766.0;
;
pigtail;
spiral;
no;
5.0;8.0;0.0;
6.0;8.5;117.0;
7.0;8.0;234.0;
9.0;8.5;349.0;
7.5;10.0;767.0;
6.0;11.0;1016.0;
7.5;11.5;1667.0;
;
w;
spiral;
no;
6.0;11.5;0.0;
7.0;10.5;137.0;
7.0;10.0;169.0;
7.0;8.0;536.0;
5.0;8.5;718.0;
5.0;10.5;1070.0;
7.0;11.0;1438.0;
8.5;9.5;1734.0;
;
x;
pigtail;
no;
6.0;8.0;0.0;
6.0;10.0;234.0;
5.5;10.0;284.0;
6.0;12.0;534.0;
8.0;12.0;767.0;
9.0;10.5;951.0;
8.5;9.0;1185.0;
8.0;10.5;1652.0;
8.5;12.0;1836.0;
11.0;12.0;2133.0;
11.0;9.5;2366.0;
11.0;7.5;2620.0;
;
zigzag;
w;
no;
5.0;10.0;0.0;
6.0;9.5;119.0;
6.5;9.0;233.0;
6.0;7.0;417.0;
3.0;7.0;716.0;
3.5;9.0;950.0;
4.5;10.5;1184.0;
6.0;11.0;1316.0;
7.5;12.0;1601.0;
7.0;14.0;1968.0;
5.0;13.0;2252.0;
6.0;11.5;2503.0;
7.5;10.5;2666.0;
8.5;9.0;2916.0;
;
bowl;
doubleSlope;
no;
6.0;11.0;0.0;
6.0;9.0;132.0;
6.0;8.5;180.0;
8.0;7.5;600.0;
10.0;8.0;719.0;
;
hat;
hat;
yes;
9.5;13.0;0.0;
9.5;11.5;116.0;
9.5;10.5;166.0;
9.0;8.5;301.0;
7.0;8.0;718.0;
5.0;8.0;901.0;
;
swipe;
bowl;
no;
6.0;8.0;0.0;
7.0;8.5;67.0;
7.5;9.0;117.0;
9.0;10.5;351.0;
9.0;12.5;549.0;
6.0;13.0;835.0;
5.5;11.0;1016.0;
6.5;9.5;1202.0;
8.5;9.0;1316.0;
9.0;7.5;1550.0;
;
doubleSlope;
slope;
no;
7.0;8.0;0.0;
8.0;7.0;233.0;
8.5;7.5;300.0;
10.0;8.5;467.0;
10.5;10.0;651.0;
9.5;12.0;834.0;
8.0;12.5;1017.0;
5.0;12.0;1250.0;
4.5;10.0;1433.0;
5.0;8.5;1550.0;
7.5;8.5;1719.0;
;
spiral;
spiral;
yes;
5.0;8.0;0.0;
6.5;8.0;133.0;
7.5;7.5;183.0;
9.5;8.0;368.0;
9.0;9.5;601.0;
7.5;10.5;717.0;
6.0;12.0;901.0;
8.0;12.0;1434.0;
9.5;11.5;1500.0;
;
swipe;
z;
no;
5.0;11.5;0.0;
6.0;11.0;114.0;
6.5;10.5;181.0;
8.0;9.0;348.0;
7.0;7.5;648.0;
5.0;8.0;831.0;
5.0;10.0;1065.0;
7.0;10.5;1250.0;
9.0;10.0;1438.0;
11.0;8.0;1670.0;
;
tab;
pigtail;
no;
6.0;8.0;0.0;
5.5;9.0;188.0;
5.0;9.5;236.0;
5.0;12.0;468.0;
7.0;13.0;718.0;
8.5;12.0;833.0;
9.5;9.5;1037.0;
8.5;11.0;1600.0;
9.0;12.5;1786.0;
10.5;12.0;1901.0;
11.0;10.0;2187.0;
11.0;8.0;2368.0;
;
leftAngle;
w;
no;
5.5;10.0;0.0;
6.5;9.5;67.0;
7.0;9.0;117.0;
8.0;7.5;300.0;
6.0;7.0;534.0;
5.0;8.5;882.0;
5.5;10.0;1065.0;
7.5;11.0;1181.0;
9.0;12.0;1365.0;
9.0;14.0;1650.0;
7.0;13.0;1831.0;
7.5;11.5;2015.0;
9.0;10.5;2132.0;
9.5;8.5;2315.0;
;
spiral;
doubleSlope;
no;
7.0;13.0;0.0;
7.0;11.5;120.0;
7.0;11.0;168.0;
6.5;9.0;284.0;
6.0;7.5;517.0;
8.0;8.0;817.0;
9.5;8.5;884.0;
;
swipe;
hat;
no;
9.5;12.0;0.0;
9.0;9.5;232.0;
9.0;9.0;282.0;
7.0;8.5;837.0;
4.5;8.5;938.0;
;
w;
bowl;
no;
6.0;8.0;0.0;
7.0;8.5;133.0;
7.5;9.0;183.0;
9.0;9.5;299.0;
9.0;12.0;483.0;
6.0;13.0;900.0;
6.0;11.0;1082.0;
6.5;9.5;1182.0;
9.0;8.5;1316.0;
9.5;7.0;1483.0;
;
zigzag;
slope;
no;
7.0;8.0;0.0;
8.0;7.5;187.0;
9.0;8.0;303.0;
10.5;9.5;484.0;
11.0;11.0;651.0;
9.0;13.0;837.0;
7.0;13.0;953.0;
5.0;11.5;1187.0;
5.5;9.5;1435.0;
7.5;9.5;1600.0;
;
slope;
spiral;
no;
6.0;8.5;0.0;
8.0;8.5;114.0;
9.0;8.5;164.0;
9.0;11.0;532.0;
7.0;11.5;650.0;
5.0;12.5;815.0;
8.0;12.5;1116.0;
;
doubleSlope;
z;
no;
6.0;11.0;0.0;
7.0;10.0;167.0;
8.0;9.5;216.0;
8.5;8.0;397.0;
7.0;6.5;701.0;
5.5;8.0;935.0;
6.0;9.5;1114.0;
7.5;10.5;1302.0;
9.0;10.0;1417.0;
11.0;9.0;1598.0;
;
pigtail;
pigtail;
yes;
6.5;8.0;0.0;
6.0;9.5;134.0;
6.0;9.5;185.0;
6.0;11.5;368.0;
8.0;12.0;668.0;
9.0;10.5;785.0;
9.5;9.0;916.0;
8.5;11.0;1316.0;
9.0;12.5;1498.0;
11.0;12.0;1616.0;
11.5;10.0;1915.0;
11.0;7.0;2088.0;
;
c;
w;
no;
5.0;10.0;0.0;
6.0;9.5;67.0;
6.5;9.5;117.0;
8.0;9.0;234.0;
8.0;7.0;467.0;
6.0;6.0;698.0;
5.0;7.5;948.0;
5.5;9.5;1117.0;
6.5;11.0;1298.0;
8.0;12.0;1467.0;
9.0;14.0;1648.0;
6.0;13.0;1949.0;
7.0;11.5;2182.0;
8.5;10.0;2299.0;
9.5;8.5;2482.0;
;
