UserID: 1
bowl;
null;
no;
4.0;10.0;0.0;
5.0;9.5;351.0;
5.5;9.5;424.0;
7.0;9.0;607.0;
7.5;11.0;1191.0;
7.0;13.0;1609.0;
;
c;
hat;
no;
5.0;11.5;0.0;
6.0;12.0;254.0;
7.0;11.5;368.0;
7.0;9.5;1184.0;
;
x;
z;
no;
4.0;12.5;0.0;
5.0;12.0;219.0;
6.0;12.5;353.0;
7.5;13.0;703.0;
9.0;12.5;2018.0;
8.5;11.0;2184.0;
8.0;9.333333;2786.0;
;
spiral;
bowl;
no;
10.0;9.5;0.0;
9.0;10.5;350.0;
9.0;11.0;400.0;
7.0;11.5;651.0;
5.5;12.0;833.0;
5.5;10.0;1351.0;
6.5;8.5;1784.0;
8.0;9.0;2016.0;
9.5;10.0;2317.0;
9.5;12.5;2433.0;
;
w;
slope;
no;
9.0;9.0;0.0;
9.5;10.0;433.0;
9.0;10.666667;483.0;
8.5;9.0;834.0;
8.0;11.0;951.0;
9.0;9.0;1018.0;
6.6666665;10.5;1200.0;
5.5;9.5;1668.0;
7.0;8.0;1850.0;
8.5;8.5;2200.0;
8.5;10.5;2451.0;
;
zigzag;
spiral;
no;
8.5;9.0;0.0;
9.0;10.0;233.0;
9.0;10.5;284.0;
9.0;12.5;417.0;
6.5;10.5;883.0;
5.0;9.5;1018.0;
4.5;11.0;1551.0;
;
tab;
z;
no;
5.0;8.0;0.0;
6.0;9.0;249.0;
6.0;9.5;299.0;
7.0;11.0;532.0;
8.5;9.5;967.0;
6.5;9.5;1200.0;
6.0;11.0;1550.0;
6.5;12.5;1614.0;
7.0;15.0;1732.0;
8.5;15.333333;1899.0;
9.5;13.0;2032.0;
;
c;
z;
no;
8.5;8.5;0.0;
7.5;8.0;300.0;
7.0;8.0;353.0;
5.0;8.0;652.0;
4.5;10.0;885.0;
6.5;10.5;1186.0;
7.0;13.5;1303.0;
7.0;10.5;1600.0;
5.5;10.0;1717.0;
5.0;13.0;2134.0;
6.0;15.666667;2317.0;
8.0;15.666667;2550.0;
8.0;13.5;2685.0;
8.0;16.5;3089.0;
;
hat;
w;
no;
7.0;8.0;0.0;
7.5;12.5;603.0;
7.5;13.0;653.0;
9.0;14.666667;953.0;
9.0;9.0;1554.0;
7.5;9.5;1788.0;
6.5;11.0;2134.0;
4.0;11.0;2502.0;
4.5;9.5;2852.0;
6.5;10.0;3220.0;
7.0;11.5;3455.0;
8.5;12.5;3752.0;
;
tab;
doubleSlope;
no;
3.5;9.5;0.0;
5.5;9.5;365.0;
5.5;9.5;432.0;
7.0;9.0;548.0;
7.5;11.0;1249.0;
;
pigtail;
hat;
no;
4.0;12.0;0.0;
5.0;13.0;231.0;
6.0;13.0;298.0;
7.5;12.5;698.0;
7.0;14.5;764.0;
7.0;10.833333;1197.0;
7.5;13.666667;1664.0;
;
dart;
bowl;
no;
9.0;9.5;0.0;
8.0;11.0;550.0;
7.0;10.666667;666.0;
6.0;12.0;783.0;
6.0;7.3333335;1149.0;
5.5;10.0;1316.0;
5.0;12.0;1433.0;
6.5;12.5;1616.0;
7.5;14.0;1800.0;
8.5;12.6;2034.0;
9.5;10.25;2217.0;
9.5;12.0;2267.0;
9.5;15.0;2567.0;
9.0;16.5;2617.0;
;
zigzag;
bowl;
no;
10.0;10.0;0.0;
10.0;13.0;117.0;
10.0;13.0;168.0;
9.5;10.0;418.0;
8.5;11.5;652.0;
7.0;12.0;835.0;
5.0;11.0;1185.0;
5.0;8.0;1252.0;
5.0;10.5;1302.0;
5.0;8.2;1433.0;
6.5;8.5;1836.0;
8.0;9.0;2200.0;
9.0;13.0;2433.0;
;
z;
spiral;
no;
10.0;9.0;0.0;
10.5;10.0;183.0;
10.5;10.5;302.0;
10.5;13.8;534.0;
10.5;12.0;600.0;
9.0;8.0;834.0;
8.5;13.0;951.0;
7.0;12.0;1184.0;
5.5;10.5;1424.0;
5.5;8.0;1606.0;
6.5;6.6666665;1840.0;
7.0;8.5;1908.0;
8.5;9.0;2207.0;
8.5;11.5;2558.0;
;
x;
doubleSlope;
no;
8.5;9.0;0.0;
8.5;10.5;400.0;
8.5;11.25;537.0;
8.5;13.0;819.0;
7.0;12.0;1000.0;
5.5;7.0;1187.0;
5.5;9.5;1234.0;
4.5;11.0;2068.0;
5.0;13.5;2300.0;
;
bowl;
z;
no;
5.0;8.0;0.0;
5.5;9.0;351.0;
5.5;9.5;400.0;
7.0;11.0;651.0;
8.0;9.5;1068.0;
6.0;9.5;1364.0;
5.0;11.5;1966.0;
6.5;9.0;2199.0;
7.0;13.0;2304.0;
9.0;9.0;2671.0;
9.0;13.5;2738.0;
9.0;8.0;2788.0;
9.0;13.0;2838.0;
;
swipe;
bowl;
no;
9.0;9.5;0.0;
7.5;9.0;368.0;
7.0;8.5;401.0;
5.5;9.5;835.0;
6.5;11.0;1252.0;
8.0;11.5;1536.0;
6.0;9.666667;2201.0;
5.0;12.0;2386.0;
5.0;9.666667;2434.0;
5.0;12.0;2502.0;
4.5;13.5;2617.0;
5.5;10.0;2733.0;
5.5;14.0;2802.0;
7.0;8.333333;3150.0;
8.5;15.666667;3451.0;
;
w;
bowl;
no;
7.0;9.0;0.0;
8.0;10.0;832.0;
8.5;10.0;1005.0;
10.0;7.3333335;1487.0;
10.0;10.0;1670.0;
8.5;9.5;1905.0;
7.0;10.5;2321.0;
5.0;11.0;2672.0;
4.5;9.5;3385.0;
6.5;9.5;3572.0;
7.5;13.0;3874.0;
;
w;
z;
no;
4.0;10.0;0.0;
4.5;9.0;341.0;
5.5;9.0;472.0;
7.5;9.0;641.0;
7.5;11.0;1305.0;
;
c;
hat;
no;
5.0;12.0;0.0;
6.5;11.5;252.0;
7.0;12.0;303.0;
6.5;10.0;1019.0;
;
dart;
z;
no;
10.0;9.5;0.0;
9.0;10.5;233.0;
9.0;11.0;282.0;
7.0;11.0;581.0;
5.0;10.0;830.0;
6.0;8.5;1181.0;
8.0;8.5;1532.0;
9.0;10.5;1963.0;
10.0;12.0;2131.0;
;
z;
slope;
no;
10.0;10.0;0.0;
10.5;11.0;233.0;
9.5;12.5;467.0;
8.0;13.0;770.0;
6.0;12.0;951.0;
5.5;10.5;1251.0;
6.5;8.5;1552.0;
8.5;9.0;1900.0;
8.5;11.0;2200.0;
;
rightAngle;
spiral;
no;
10.0;8.5;0.0;
9.5;9.5;367.0;
9.5;10.5;418.0;
9.5;12.5;597.0;
8.5;11.0;1181.0;
7.0;10.0;1365.0;
6.5;12.0;2315.0;
6.0;14.0;2431.0;
;
pigtail;
z;
no;
6.0;8.5;0.0;
6.5;9.5;350.0;
6.5;10.0;466.0;
8.0;11.0;767.0;
9.0;9.5;1118.0;
7.5;9.0;1351.0;
6.0;9.5;1599.0;
6.5;11.5;2066.0;
8.0;13.5;2316.0;
;
spiral;
pigtail;
no;
9.0;9.0;0.0;
7.5;9.0;488.0;
7.0;8.5;537.0;
5.5;9.0;887.0;
6.5;11.0;1188.0;
8.5;11.0;1420.0;
6.5;11.0;1837.0;
5.0;12.0;2087.0;
6.0;13.5;2371.0;
8.0;14.0;2621.0;
;
pigtail;
w;
no;
7.0;8.5;0.0;
7.5;9.5;348.0;
7.5;10.0;414.0;
10.0;11.0;948.0;
9.0;9.5;1182.0;
7.0;10.5;1599.0;
5.5;10.0;2432.0;
7.0;9.5;2732.0;
8.0;11.5;3150.0;
9.0;13.0;3334.0;
;
