UserID: 1
0000000000000000001110000000;13097
0000010000000000010110000000;13162
0000010000000000000110000000;13215
0000010000000000100000000000;13335
0000010000000000100000000000;13335
0000010000000000110000000000;13393
0000000000000000100110000000;13461
0000001000000000100110000000;13512
0000000000000000000110000000;13577
0000000000000000000110000000;13643
0000000000000000000110000000;13692
0000000001000000100110000000;13760
0000000001000000100110000000;13827
0000000001000000100110000000;13876
0000000001000000100110000000;13944
0000000001000000100110000000;13993
0000000000000000000110000000;14059
0000000000000000000110000000;14110
0000000000000000000110000000;14177
0000000000000000000000000000;14243
0000000000000000000000000000;14293
0000000000000000000000000000;14344
0000000000000000000000000000;14411
0000000000000000000000000000;14477
0000000000000000000000000000;14528
0000000000000000000000000000;14593
0000000000000000000000000000;14644
0000000000000000000000000000;14711
0000000000000000000000000000;14761
0000000000000000000000000000;14827
0000000000000000000000000000;14894
0000000000000000000000000000;14944
0000000000000000000000000000;15013
0000000000000000000000000000;15060
;
0000000000000000000110000000;19995
0000000000000000000110000000;20061
0000000000000000000110000000;20128
0000000000000000000110000000;20178
0000000000000000100110000000;20245
0000000010000000100110000000;20296
0000000010000000100110000000;20362
0000000010000000100110000000;20412
0000000010000000100110000000;20478
0000000000000000000110000000;20528
0000000000000000000110000000;20595
0000001000000000000110000000;20646
0000010000000000010110000000;20712
0000000000000000010110000000;20779
0001000000000000010110000000;20829
0001000000000000010110000000;20897
0001000000000000010110000000;20945
0001000000000000010110000000;21013
0000000000000000000110000000;21062
0000000000000000000000000000;21128
0000000000000000000000000000;21198
0000000000000000000000000000;21262
0000000000000000000000000000;21312
0000000000000000000000000000;21379
0000000000000000000000000000;21431
0000000000000000000000000000;21479
0000000000000000000000000000;21561
0000000000000000000000000000;21612
0000000000000000000000000000;21662
0000000000000000000000000000;21729
0000000000000000000000000000;21778
0000000000000000000000000000;21845
0000000000000000000000000000;21895
0000000000000000000000000000;21962
;
0000010000000000001110000000;25838
0000010000000000011110000000;25888
0000000000000000001110000000;25954
0000000000000000001110000000;26004
0000000000000000001110000000;26071
0000000000000000001110000000;26121
0000000100000000001110000000;26188
0000000000000000001110000000;26237
0000000000000000001110000000;26304
0000000000000000001110000000;26371
0000000000000000001110000000;26421
0000000000000000001110000000;26488
0000000000000000001110000000;26538
0000000000000000001110000000;26604
0000000000000000001110000000;26670
0000000000000000001110000000;26721
0000000000000000001110000000;26787
0000000100000000001111000000;26837
0000000100000000001110000000;26904
0000000000000000000110000000;26955
0000000000000000000110000000;27022
0000000000000000000110000000;27071
0000000000000000000110000000;27138
0000010000000000000111000000;27188
0000000000000000000110000000;27254
0000000000000000000110000000;27321
0000000000000000000110000000;27371
0000000000000000000110000000;27421
0000000000000000000110000000;27488
0000010000000000000110000000;27555
0000010000000000001110000000;27622
0000000000000000000110000000;27671
0000000100000000000110000000;27739
0000000000000000000110000000;27789
0000000001000000100110000000;27857
0000000001000000100110000000;27905
0000000000000000000110000000;27971
0000000000000000000110000000;28021
0000000000000000000110000000;28088
0000000000000000000110000000;28137
0000000000000000000110000000;28206
0000000000000000000110000000;28255
0000000000000000000110000000;28321
0000000000000000000000000000;28387
;
0000010000000000001110000000;32257
0000001000000000001110000000;32305
0000000000000000011110000000;32371
0000000100000000011110000000;32438
0000000100000000001110000000;32488
0000000000000000001110000000;32538
0000000010000000011110000000;32605
0000000010000000011110000000;32672
0000000010000000011110000000;32722
0000000000000000001110000000;32788
0000000000000000001110000000;32855
0000000000000000001110000000;32905
0000000000000000001110000000;32957
0000000000000000001110000000;33022
0000000000000000001110000000;33072
0000000000000000001110000000;33139
0000000000000000001110000000;33205
0000000000000000001110000000;33256
0000000000000000001110000000;33323
0000000000000000001110000000;33372
0000000000000000001110000000;33439
0000000000000000001110000000;33506
0000000000000000001110000000;33558
0000000000000000001110000000;33623
0000000000000000001110000000;33673
0000000000000000001110000000;33740
0000000000000000001110000000;33790
0000000000000000001110000000;33857
0000000010000000001110000000;33923
0000000010000000001110000000;33974
0000000000000000001110000000;34038
0000000100000000001110000000;34090
0000000100000000000110000000;34158
0000000100000000000110000000;34223
0000001100000000000110000000;34272
0000001000000000000110000000;34322
0000001000000000000110000000;34391
0000001000000000000110000000;34457
0000000000000000000110000000;34505
0000000000000000000110000000;34574
0000000000000000000110000000;34624
0000000000000000000110000000;34688
0000000000000000000110000000;34757
0000000000000000000110000000;34804
0000000000000000000110000000;34871
0000000000000000000110000000;34922
0000000000000000000110000000;34989
0000000000000000000110000000;35038
0000000000000000000110000000;35105
0000000000000000000110000000;35171
0000000000000000000110000000;35221
0000000000000000000000000000;35288
;
0000010000000000001110000000;39032
0000001000000000001110000000;39083
0000000100000000001110000000;39148
0000000010000000001110000000;39216
0000000000000000001110000000;39266
0000000001000000001110000000;39332
0000000001000000001110000000;39382
0000000000000000001110000000;39448
0000000000000000001110000000;39499
0000000010000000001110000000;39565
0000000000000000001110000000;39632
0000000000000000001110000000;39680
0000000000000000001110000000;39750
0000000000000000001110000000;39800
0000000000000000001110000000;39866
0000000000000000001110000000;39916
0000000000000000001110000000;39983
0000000000000000001110000000;40034
0000000000000000001110000000;40098
0000000000000000001110000000;40167
0000000000000000001110000000;40214
0000000000000000001110000000;40280
0000000000000000001110000000;40330
0000000000000000001110000000;40397
0000000000000000001110000000;40464
0000000000000000001110000000;40514
0000000001000000001110000000;40581
0000000000000000001110000000;40631
0000000000001000001110000000;40698
0000000000000000001110000000;40764
0000000000000000001110000000;40814
0000000000000000001110000000;40880
0000000000000000001110000000;40931
0000000000000000000110000000;40998
0000000000000000000110000000;41047
0000000000000000000110000000;41114
0000000000000000000000000000;41165
;
0000001000000000000110000000;47104
0000001000000000000110000000;47170
0000000000000000000110000000;47237
0000000000000000000110000000;47287
0000000000000000000110000000;47352
0000000000000000000110000000;47420
0000000000000000000110000000;47470
0000000000000000000110000000;47538
0000000000000000000110000000;47586
0000000000000000000110000000;47654
0000000000000000000110000000;47704
0000000000000000000110000000;47769
0000000000000000000110000000;47821
0000001000000000000110000000;47887
0000000100000000000110000000;47954
0000000000000000001110000000;48005
0000000000000000000110000000;48071
0000000000000000000110000000;48121
0000000000000000000110000000;48188
0000000000000000000110000000;48237
0000000000000000000110000000;48305
0000000000000000000110000000;48354
0000000000000000000110000000;48422
0000000000000000000110000000;48489
0000000000000000000110000000;48539
0000000000000000000110000000;48605
0000000000000000000110000000;48672
0000000000000000000110000000;48722
0000000000000000000110000000;48787
0000000000000000000110000000;48839
0000000000000000000110000000;48905
0000000000000000000110000000;48956
0000000000000000000110000000;49022
0000000000000000000110000000;49104
0000000000000000000110000000;49137
0000000000000000000110000000;49190
0000000000000000000110000000;49256
0000000000000000000110000000;49323
0000000000000000000110000000;49371
0000000000000000000110000000;49438
0000000000000000000110000000;49504
0000000000000000000110000000;49554
0000000000000000000110000000;49603
0000000000000000000110000000;49670
0000000000000000000110000000;49738
0000000000000000000110000000;49787
0000000000000000000110000000;49838
0000000000000000000110000000;49920
0000000000000000000110000000;49970
0000000000000000000110000000;50039
0000000000000000000110000000;50088
0000000000000000000110000000;50154
0000000000000000000110000000;50204
0000000000000000000110000000;50253
0000000000000000000110000000;50320
0000000000000000000110000000;50387
0000000000000000000110000000;50437
0000000000000000000110000000;50504
0000000000000000000110000000;50570
0000000000000000000110000000;50637
0000000000000000000110000000;50688
0000000000000000000110000000;50737
0000000000000000000110000000;50804
0000000000000000000110000000;50870
0000000000000000000110000000;50920
0000000000000000000110000000;50970
0000000000000000000110000000;51038
0000000000000000000110000000;51087
0000000000000000000110000000;51153
0000000000000000000110000000;51222
0000000000000000000110000000;51270
0000000000000000000110000000;51337
0000000000000000000110000000;51404
0000000000000000000110000000;51453
0000000000000000000110000000;51521
0000000000000000000110000000;51570
0000000000000000000110000000;51654
0000000000000000000110000000;51687
0000000000000000000110000000;51753
0000000000000000000110000000;51820
0000000000000000000110000000;51870
0000000000000000000110000000;51937
0000000000000000000110000000;51988
0000000000000000000110000000;52054
0000000000000000000110000000;52104
0000000000000000000110000000;52171
0000000000000000000110000000;52221
0000000000000000000110000000;52304
0000000000000000000110000000;52337
0000000000000000000110000000;52404
0000000000000000000110000000;52472
0000000000000000000110000000;52537
0000000000000000000110000000;52587
0000000000000000000110000000;52654
0000000000000000000110000000;52705
0000000000000000000110000000;52773
0000000000000000000110000000;52821
0000000000000000000110000000;52887
0000000000000000000110000000;52954
0000000000000000000110000000;53005
0000000000000000000110000000;53054
0000000000000000000110000000;53120
0000000000000000000110000000;53188
0000000000000000000110000000;53238
0000000000000000000110000000;53305
0000000000000000000110000000;53356
0000000000000000000110000000;53422
0000000000000000000110000000;53472
0000000000000000000110000000;53539
0000000000000000000110000000;53606
0000000000000000000110000000;53655
0000000000000000000110000000;53722
0000000000000000000110000000;53789
0000000000000000000110000000;53839
0000000000000000000110000000;53890
0000000000000000000110000000;53956
0000000000000000000110000000;54006
0000000000000000000110000000;54073
0000000000000000000110000000;54123
0000000000000000000110000000;54223
0000000000000000000110000000;54256
0000000000000000000110000000;54304
0000000000000000000110000000;54373
0000000000000000000110000000;54440
0000000000000000000110000000;54490
0000000000000000000110000000;54557
0000000000000000000110000000;54607
0000000000000000000110000000;54671
0000000000000000000110000000;54722
0000000000000000000110000000;54786
0000000000000000000110000000;54854
0000000000000000000110000000;54907
0000000000000000000110000000;54971
0000000000000000000110000000;55021
0000000000000000000110000000;55088
0001000000000000000110000000;55138
0001000000000000000110000000;55204
0000100000000000000110000000;55254
0000100000000000001110000000;55321
0000100000000000001110000000;55370
0000010000000000001110000000;55438
0000011000000000001110000000;55505
0000001000000000001110000000;55554
0000000100000000001110000000;55621
0000000100000000001110000000;55687
0000000100000000011110000000;55736
0000000100000000011110000000;55804
0000000100000000010110000000;55854
0000001100000000100110000000;55920
0000001000000000100110000000;55970
0000000000000000000110000000;56037
0000010000000000010110000000;56104
0000010000000000010110000000;56153
0000000000000000000110000000;56221
0000000000000000000110000000;56270
0000000000000000000110000000;56337
0000000000000000000110000000;56387
0000000000000000000110000000;56453
0000100000000000000110000000;56503
0000010000000000000110000000;56570
0000010000000000000110000000;56621
0000010000000000000110000000;56688
0000001000000000000110000000;56771
0000001000000000000110000000;56803
0000000100000000000110000000;56872
0000000110000000001110000000;56937
0000000010000000001110000000;56989
0000000001000000001110000000;57056
0000000001100000001110000000;57104
0000000000100000010110000000;57154
0000000000100000010110000000;57221
0000000000100000100110000000;57288
0000000000100000110110000000;57337
0000000000100000110110000000;57421
0000000000100000010110000000;57454
0000000000000000000110000000;57520
0000000000000000000110000000;57587
0000000000000000000110000000;57637
0000000000000000000110000000;57707
0000000000000000000110000000;57755
0000000000000000000110000000;57820
0000000000000000000110000000;57871
0000000000000000000110000000;57937
0000000000000000000110000000;58004
0000000000000000000110000000;58053
0000000000000000000110000000;58120
0000000000000000000110000000;58170
0000000000000000000110000000;58238
0000000000000000000110000000;58287
0000000000000000000110000000;58354
0000000000000000000110000000;58408
0000000000000000000110000000;58471
0000000000000000000110000000;58521
0000000000000000000110000000;58589
0000000000000000000110000000;58654
0000000000000000000110000000;58705
0000000000000000000110000000;58772
0000000000000000000110000000;58839
0000000000000000000110000000;58888
0000000000000000000110000000;58953
0000000000000000000110000000;59005
0000000000000000000110000000;59056
0000000000000000000110000000;59121
0000000000000000000110000000;59173
0000000000000000000110000000;59239
0000000000000000000110000000;59338
0000000000000000000110000000;59356
0000000000000000000110000000;59423
0000000000000000000110000000;59489
0000000000000000000110000000;59538
0000000000000000000110000000;59604
0000000000000000000110000000;59657
0000000000000000000110000000;59720
0000000000000000000110000000;59771
0000000000000000000110000000;59837
0000000000000000000110000000;59905
0000000000000000000110000000;59957
0000000000000000000110000000;60021
0000000000000000000110000000;60072
0000000000000000000110000000;60137
0000000000000000000110000000;60204
0000000000000000000110000000;60254
0000000000000000000110000000;60321
0000000000000000000110000000;60371
0000000000000000000110000000;60424
0000000000000000000110000000;60488
0000000000000000000110000000;60555
0000000000000000000110000000;60604
0000000000000000000110000000;60672
0000000000000000000110000000;60737
0000000000000000000110000000;60788
0000000000000000000110000000;60854
0000000000000000000110000000;60904
0000000000000000000110000000;60971
0000000000000000000110000000;61037
0000000000000000000110000000;61087
0000000000000000000110000000;61155
0000000000000000000110000000;61222
0000000000000000000110000000;61271
0000000000000000000110000000;61321
0000000000000000000110000000;61391
0000000000000000000110000000;61438
0000000000000000000110000000;61504
0000000000000000000110000000;61555
0000000000000000000110000000;61622
0000000000000000000110000000;61671
0000000000000000000110000000;61737
0000000000000000000110000000;61805
0000000000000000000110000000;61854
0000000000000000000110000000;61921
0000000000000000000110000000;61991
0000000000000000000110000000;62038
0000000000000000000110000000;62106
0000000000000000000110000000;62155
0000000000000000000110000000;62220
0000000000000000000110000000;62271
0000000000000000000110000000;62338
0000000000000000000110000000;62387
0000000000000000000110000000;62454
0000000000000000000110000000;62522
0000000000000000000110000000;62572
0000000000000000000110000000;62637
0000000000000000000110000000;62687
0000000000000000000110000000;62754
0000000000000000000110000000;62820
0000000000000000000110000000;62871
0000000000000000000110000000;62938
0000000000000000000110000000;62991
0000000000000000000110000000;63055
0000000000000000000110000000;63121
0000000000000000000110000000;63173
0000000000000000000110000000;63238
0000000000000000000110000000;63288
0000000000000000000110000000;63355
0000000000000000000110000000;63405
0000000000000000000110000000;63472
0000000000000000000110000000;63522
0000000000000000000110000000;63572
0000000000000000000110000000;63639
0000000000000000000110000000;63706
0000000000000000000110000000;63756
0000000000000000000110000000;63823
0000000000000000000110000000;63889
0000000000000000000110000000;63940
0000000000000000000110000000;64006
0000000000000000000110000000;64056
0000000000000000000110000000;64123
0000000000000000000110000000;64173
0000000000000000000110000000;64238
0000000000000000000110000000;64290
0000000000000000000110000000;64357
0000000000000000000110000000;64407
0000000000000000000110000000;64473
0000000000000000000110000000;64540
0000000000000000000110000000;64591
0000000000000000000110000000;64657
0000000000000000000110000000;64723
0000000000000000000110000000;64770
0000000000000000000110000000;64838
0000000000000000000110000000;64890
0000000000000000000110000000;64957
0000000000000000000110000000;65021
0000000000000000000110000000;65089
0000000000000000000110000000;65138
0000000000000000000110000000;65208
0000000000000000000110000000;65258
0000000000000000000110000000;65322
0000000000000000000110000000;65371
0000000000000000000110000000;65425
0000000000000000000110000000;65488
0000000000000000000110000000;65538
0000000000000000000110000000;65604
0000000000000000000110000000;65655
0000000000000000000110000000;65722
0000000000000000000110000000;65788
0000000000000000000110000000;65856
0000000000000000000110000000;65905
0000000000000000000110000000;65972
0000000000000000000110000000;66022
0000000000000000000110000000;66088
0000000000000000000110000000;66139
0000000000000000000110000000;66205
0000000000000000000110000000;66272
0000000000000000000110000000;66321
0000000000000000000110000000;66388
0000000000000000000110000000;66438
0000000000000000000110000000;66505
0000000000000000000110000000;66555
0000000000000000000110000000;66621
0000000000000000000110000000;66671
0000000000000000000110000000;66738
0000000000000000000110000000;66789
0000000000000000000110000000;66854
0000000000000000000110000000;66921
0000000000000000000110000000;66971
0000000000000000000110000000;67038
0000000000000000000110000000;67105
0000000000000000000110000000;67155
0000000000000000000110000000;67222
0000000000000000000110000000;67271
0000000000000000000110000000;67337
0000000000000000000110000000;67388
0000000000000000000110000000;67454
0000000000000000000110000000;67522
0000000000000000000110000000;67572
0000000000000000000110000000;67637
0000000000000000000110000000;67688
0000000000000000000110000000;67755
0000000000000000000110000000;67805
0000000000000000000110000000;67871
0000000000000000000110000000;67922
0000000000000000000110000000;67987
0000000000000000000110000000;68040
0000000000000000000110000000;68105
0000000000000000000110000000;68171
0000000000000000000110000000;68222
0000000000000000000110000000;68288
0000000000000000000110000000;68354
0000000000000000000110000000;68405
0000000000000000000110000000;68456
0000000000000000000110000000;68524
0000000000000000000110000000;68574
0000000000000000000110000000;68640
0000000000000000000110000000;68691
0000000000000000000110000000;68757
0000000000000000000110000000;68824
0000000000000000000110000000;68874
0000000000000000000110000000;68940
0000000000000000000110000000;69008
0000000000000000000110000000;69057
0000000000000000000110000000;69125
0000000000000000000110000000;69174
0000000000000000000110000000;69240
0000000000000000000110000000;69307
0000000000000000000000000000;69357
;
0000100000000000000110000000;83032
0000100000000000000111000000;83083
0000100000000000000111000000;83149
0000000000000000000111000000;83216
0000000000000000000110000000;83267
0000001000000000000110000000;83333
0000001000000000000110000000;83399
0000001000000000000110000000;83449
0000001000000000000110000000;83499
0000000000000000001110000000;83566
0000001100000000001110000000;83632
0000001100000000001110000000;83683
0000001000000000001110000000;83751
0000000000000000000110000000;83800
0000001100000000000110000000;83866
0000000000000000000110000000;83916
0000000100000000000110000000;83984
0000000100000000000110000000;84049
0000000100000000000110000000;84099
0000000100000000000110000000;84166
0000000010000000000110000000;84217
0000000010000000000110000000;84282
0000000001000000000110000000;84350
0000000000000000000110000000;84399
0000000000000000000110000000;84448
0000000000100000000110000000;84516
0000000000100000000110000000;84566
0000000000100000001110000000;84632
0000000000100000001110000000;84683
0000000000100000010110000000;84752
0000000000100000010110000000;84815
0000000000100000010110000000;84882
0000000000100000100110000000;84949
0000000000100000110110000000;85000
0000000000100000110110000000;85049
0000000000000000000110000000;85116
0000000000000000000110000000;85165
0000000000000000000110000000;85233
0000000000000000000110000000;85299
0000000000000000000110000000;85349
0000000000000000000110000000;85416
0000000000000000000110000000;85465
0000000000000000000000000000;85533
;
0000000000000000000110000000;99739
0000001000000000010110000000;99790
0000001000000000010110000000;99856
0000000000000000000110000000;99905
0000001000000000000110000000;99970
0000000000000000000110000000;100037
0000000000000000000110000000;100105
0000000000000000000110000000;100156
0000000000000000000110000000;100223
0000000000000000000110000000;100290
0000000000000000000110000000;100337
0000000000000000000110000000;100390
0000000000000000000110000000;100456
0000000000000000000110000000;100520
0000000000000000000110000000;100572
0000000000000000000110000000;100637
0000000000000000000110000000;100690
0000010000000000001110000000;100755
0000010000000000001110000000;100807
0000010000000000000110000000;100871
0000001000000000000110000000;100920
0000001000000000000110000000;100987
0000000000000000000110000000;101037
0000000100000000000110000000;101104
0000000000000000000110000000;101173
0000000010000000000110000000;101221
0000000010000000000110000000;101287
0000000000000000000110000000;101353
0000000000000000000110000000;101404
0000000000000000000110000000;101470
0000000000000000000110000000;101521
0000000000000000000110000000;101587
0000000000000000000110000000;101637
0000000000000000000110000000;101705
0000000000000000000110000000;101770
0000000000000000000110000000;101820
0000010000000000000110000000;101871
0000010000000000000110000000;101936
0000010000000000000110000000;102007
0000010000000000000110000000;102055
0000001000000000000110000000;102121
0000001000000000001110000000;102170
0000001000000000001110000000;102237
0000000100000000001110000000;102288
0000000100000000001110000000;102355
0000000110000000001110000000;102420
0000000010000000010110000000;102470
0000000001000000010110000000;102537
0000000001000000010110000000;102606
0000000000000000000110000000;102654
0000000000000000000110000000;102705
0000000000000000000110000000;102770
0000000000000000000110000000;102855
0000000000000000000110000000;102887
0000000000000000000110000000;102937
0000000000000000000110000000;103006
0000000000000000000110000000;103070
0000000000000000000110000000;103120
0000000000000000000110000000;103188
0000000000000000000110000000;103256
0000000000000000000110000000;103304
0000000000000000000000000000;103371
;
0000010000000000000110000000;111977
0000010000000000000110000000;112044
0000010000000000001110000000;112110
0000010000000000001110000000;112160
0000010000000000010110000000;112226
0000010000000000010110000000;112294
0000010000000000010110000000;112344
0000010000000000010110000000;112411
0000010000000000010110000000;112461
0000010000000000010110000000;112528
0000010000000000010110000000;112593
0000011000000000010110000000;112644
0000001000000000010110000000;112711
0000000100000000010110000000;112760
0000000100000000010110000000;112811
0000000000000000000110000000;112879
0000000000000000010110000000;112944
0000000001000000010110000000;112994
0000000001000000010110000000;113060
0000000001000000010110000000;113110
0000000001000000010110000000;113177
0000000000000000000110000000;113228
0000000000000000000110000000;113295
0000000000000000000110000000;113364
0000000000000000000110000000;113410
0000000000000000000110000000;113477
0000000000000000000110000000;113545
0000000000000000000110000000;113595
0000000000000000000110000000;113661
0000000000000000000110000000;113710
0000000000000000000110000000;113778
0000000000000000000110000000;113830
0000000000000000000110000000;113895
0000000000000000000110000000;113944
0000000000000000000110000000;114011
0000000000000000000110000000;114064
0000000000000000000110000000;114129
0000000000000000000110000000;114196
0000000000000000000110000000;114243
0000000000000000000110000000;114311
0000000000000000000110000000;114364
0000000000000000000110000000;114430
0000000000000000000110000000;114495
0000000000000000000110000000;114544
0000000000000000000110000000;114597
0000000000000000000110000000;114660
0000000000000000000110000000;114726
0000000000000000000110000000;114777
0000000000000000000110000000;114844
0000000000000000000110000000;114893
0000000000000000000110000000;114961
0000000000000000000110000000;115012
0000000000000000000110000000;115077
0000000000000000000110000000;115127
0000000000000000000110000000;115194
0000000000000000000110000000;115261
0000000000000000000110000000;115313
0000000000000000000110000000;115378
0000000000000000000110000000;115443
0000000000000000000110000000;115494
0000000000000000000110000000;115560
0000000000000000000110000000;115628
0000000000000000000110000000;115677
0000000000000000000110000000;115744
0000000000000000000110000000;115794
0000000000000000000110000000;115861
0000000000000000000110000000;115910
0000000000000000000110000000;115977
0000000000000000000110000000;116027
0000000000000000000110000000;116094
0000000000000000000110000000;116144
0000000000000000000110000000;116211
0000000000000000000110000000;116261
0000000000000000000110000000;116327
0000000000000000000110000000;116394
0000000000000000000110000000;116443
0000000000000000000110000000;116510
0000000000000000000110000000;116577
0000000000000000000110000000;116627
0000000000000000000110000000;116678
0000000000000000000110000000;116744
0000000000000000000110000000;116810
0000000000000000000110000000;116877
0000000000000000000110000000;116927
0000000000000000000110000000;116994
0000000000000000000110000000;117043
0000000000000000000110000000;117093
0000000000000000000110000000;117161
0000000000000000000110000000;117228
0000000000000000000110000000;117278
0000000000000000000110000000;117344
0000000000000000000110000000;117395
0000000000000000000110000000;117461
0000000000000000000110000000;117513
0000000000000000000110000000;117578
0000000000000000000110000000;117645
0000000000000000000110000000;117694
0000000000000000000110000000;117761
0000000000000000000110000000;117813
0000000000000000000110000000;117877
0000000000000000000110000000;117928
0000000000000000000110000000;117994
0000000000000000000110000000;118045
0000000000000000000110000000;118111
0000000000000000000110000000;118179
0000000000000000000110000000;118229
0000000000000000000110000000;118295
0000000000000000000110000000;118345
0000000000000000000110000000;118412
0000000000000000000110000000;118479
0000000000000000000110000000;118529
0000000000000000000110000000;118596
0000000000000000000110000000;118645
0000000000000000000110000000;118712
0000000000000000000110000000;118779
0000000000000000000110000000;118829
0000000000000000000110000000;118896
0000000000000000000000000000;118946
;
0000000001000000000110010000;140883
0000000001000000000110010000;140949
0000000001000000000110110000;140996
0000000001000000000110100000;141066
0000000001000000000110100000;141132
0000000001000000000110100000;141183
0000000001000000000110100000;141263
0000000001000000000110000000;141300
0000000001000000000110000000;141363
0000000001000000000110000000;141433
0000000001000000000110000000;141481
0000000001000000000110000000;141532
0000000001000000000110000000;141600
0000000001000000001110000000;141667
0000000011000000001110000000;141717
0000000011000000001110000000;141781
0000000001000000011110000000;141830
0000000001000000011110000000;141897
0000000011000000011110000000;141964
0000000011000000011110000000;142016
0000000011000000011110000000;142083
0000000010000000001110000000;142131
0000000110000000001110000000;142197
0000000100000000001100000000;142251
0000001100000000001110000000;142313
0000001100000000001110000000;142380
0000011000000000001100000000;142429
0000011000000000001100000000;142497
0000010000000000001100000000;142547
0000111000000000001100000000;142613
0000111000000000001100000000;142680
0000111000000000001100000000;142730
0000111000000000001100000000;142781
0000111000000000001100000000;142846
0000011000000000000000000000;142896
0000000000000000000000000000;142963
;
0000000010000000000110000000;155275
0000000010000000000110000000;155343
0000000010000000000110000000;155392
0000000010000000000110000000;155458
0000000010000000000110000000;155509
0000000000000000000110000000;155576
0000000000000000000110000000;155626
0000000000000000000110000000;155692
0000001000000000000110000000;155743
0000001000000000001110000000;155809
0000010000000000001110000000;155875
0000010000000000001110000000;155926
0000100000000000001110000000;155992
0000100000000000000110000000;156043
0000100000000000000110000000;156110
0000100000000000000110000000;156176
0000100000000000000110000000;156226
0000000000000000000110000000;156292
0000000000000000000110000000;156343
0000000000000000000110000000;156409
0000000000000000000110000000;156457
0000000000000000000110000000;156526
0000000000000000000110000000;156576
0000000000000000000110000000;156643
0000000000000000000110000000;156695
0000000000000000000110000000;156759
0000000000000000000110000000;156810
0000000000000000000110000000;156880
0000000000000000000110000000;156943
0000000000000000000110000000;157009
0000000000000000000110000000;157059
0000000000000000000110000000;157126
0000000000000000000110000000;157176
0000000000000000000110000000;157242
0000000000000000000110000000;157294
0000000000000000000110000000;157360
0000000000000000000110000000;157410
0000000000000000000110000000;157477
0000000000000000000110000000;157527
0000000000000000000110000000;157594
0000000000000000000110000000;157644
0000000000000000000110000000;157711
0000000000000000000110000000;157777
0000000000000000000110000000;157827
0000000000000000000110000000;157894
0000000000000000000110000000;157944
0000000000000000000110000000;158011
0000000000000000000110000000;158062
0000000000000000000110000000;158125
0000000000000000000110000000;158192
0000000000000000000110000000;158259
0000000000000000000110000000;158295
0000000000000000000110000000;158379
0000000000000000000110000000;158428
0000000000000000000110000000;158478
0000000000000000000110000000;158545
0000000000000000000110000000;158612
0000000000000000000110000000;158659
0000000000000000000110000000;158728
0000000000000000000110000000;158779
0000000000000000000110000000;158842
0000000000000000000110000000;158892
0000000000000000000110000000;158963
0000000000000000000110000000;159025
0000000000000000000110000000;159091
0000000000000000000110000000;159142
0000000000000000000110000000;159209
0000000000000000000110000000;159259
0000000000000000000100000000;159326
0000000000000000000110000000;159375
0000000000000000000000000000;159441
;
0000010000000000001110000000;166978
0000000000000000001110000000;167046
0000000000000000001110000000;167112
0000001000000000001110000000;167164
0000000000000000001110000000;167228
0000000000000000001110000000;167295
0000000100000000001110000000;167345
0000000100000000001110000000;167413
0000000000000000001110000000;167461
0000000000000000001110000000;167529
0000000000000000001110000000;167579
0000000000000000001110000000;167645
0000000000000000001110000000;167695
0000000000000000001110000000;167761
0000000000000000001110000000;167812
0000000000000000001110000000;167878
0000000000000000001110000000;167945
0000000000000000001110000000;167996
0000000000000000001110000000;168062
0000000000000000001110000000;168128
0000000000000000001110000000;168178
0000000000000000001110000000;168229
0000000000000000001110000000;168295
0000000000000000000110000000;168361
0000000000000000000110000000;168412
0000000000000000000110000000;168479
0000000000000000000110000000;168529
0000010000000000000110100000;168595
0000010000000000000110000000;168645
0000010000000000000111000000;168712
0000010000000000000111000000;168761
0000000000000000000110000000;168831
0000010000000000000110000000;168878
0000010000000000000110000000;168946
0000010000000000001110000000;169012
0000001000000000001110000000;169079
0000000000000000010110000000;169128
0000000001000000100110000000;169196
0000000000000000000110000000;169245
0000000001000000100110000000;169312
0000000000000000100110000000;169364
0000000000000000100110000000;169430
0000000000000000000110000000;169479
0000000000000000000110000000;169546
0000000000000000000110000000;169596
0000000000000000000110000000;169663
0000000000000000000110000000;169713
0000000000000000000110000000;169779
0000000000000000000110000000;169846
0000000000000000000110000000;169897
0000000000000000000110000000;169963
0000000000000000000110000000;170013
0000000000000000000110000000;170081
0000000000000000000110000000;170130
0000000000000000000110000000;170197
0000000000000000000110000000;170263
0000000000000000000110000000;170314
0000000000000000000110000000;170381
0000000000000000000110000000;170447
0000000000000000000110000000;170496
0000000000000000000110000000;170564
0000000000000000000110000000;170615
0000000000000000000110000000;170681
0000000000000000000110000000;170731
0000000000000000000110000000;170798
0000000000000000000110000000;170848
0000000000000000000110000000;170915
0000000000000000000110000000;170965
0000000000000000000110000000;171032
0000000000000000000110000000;171096
0000000000000000000110000000;171145
0000000000000000000110000000;171215
0000000000000000000110000000;171262
0000000000000000000110000000;171329
0000000000000000000110000000;171399
0000000000000000000110000000;171446
0000000000000000000110000000;171512
0000000000000000000110000000;171578
0000000000000000000110000000;171633
0000000000000000000110000000;171695
0000000000000000000110000000;171745
0000000000000000000110000000;171812
0000000000000000000110000000;171862
0000000000000000000110000000;171929
0000000000000000000110000000;171995
0000000000000000000110000000;172045
0000000000000000000110000000;172096
0000000000000000000110000000;172163
0000000000000000000110000000;172228
0000000000000000000110000000;172280
0000000000000000000110000000;172346
0000000000000000000110000000;172396
0000000000000000000110000000;172463
0000000000000000000110000000;172529
0000000000000000000110000000;172579
0000000000000000000110000000;172629
0000000000000000000110000000;172696
0000000000000000000110000000;172762
0000000000000000000110000000;172813
0000000000000000000110000000;172879
0000000000000000000110000000;172929
0000000000000000000110000000;172995
0000000000000000000110000000;173062
0000000000000000000110000000;173113
0000000000000000000110000000;173179
0000000000000000000110000000;173229
0000000000000000000110000000;173295
0000000000000000000110000000;173345
0000000000000000000110000000;173412
0000000000000000000110000000;173478
0000000000000000000110000000;173529
0000000000000000000110000000;173595
0000000000000000000110000000;173645
0000000000000000000110000000;173712
0000000000000000000110000000;173762
0000000000000000000110000000;173828
0000000000000000000110000000;173882
0000000000000000000000000000;173946
;
0000010000000000000110000000;236974
0000000000000000000110000000;237040
0000000000000000000110000000;237104
0000000000000000000110000000;237157
0000000000000000001110000000;237220
0000000100000000001110000000;237271
0000000100000000000110000000;237324
0000000100000000001110000000;237390
0000000000000000000110000000;237440
0000000000000000000110000000;237506
0000000000000000000110000000;237557
0000000000000000000110000000;237624
0000000010000000000110000000;237688
0000000010000000000110000000;237759
0000000000000000000110000000;237804
0000000000000000000110000000;237872
0000000010000000000110000000;237925
0000000000000000000110000000;237987
0000000000000000000110000000;238038
0000000000000000000110000000;238105
0000000000000000000000000000;238171
0000000000000000000000000000;238221
0000000000000000000000000000;238288
0000000000000000000000000000;238338
0000001000000000000000000000;238404
0000000000000000000001000000;238472
0000010000000000000001000000;238537
0000000000000000000000000000;238588
0000100000000000000000000000;238638
0000000000000000000000000000;238688
0000000000000000000000000000;238755
0000000000000000000000000000;238821
0000000000000000000000000000;238872
0000000000000000000000000000;238937
;
0000000010000000000110000000;239421
0000000000000000000000000000;239471
0000000000000000000000000000;239538
0000000000000000000000000000;239588
0000000000000000000000000000;239654
0000000000000000000000000000;239704
0000000000000000000000000000;239772
0000000000000000000000000000;239822
0000000000000000000000000000;239887
0000000000000000000000000000;239938
0000000000000000000000000000;240007
0000000000000000000000000000;240072
0000000000000000000000000000;240121
0000000000000000000000000000;240187
0000000000000000000000000000;240254
0000000000000000000000000000;240304
0000000000000000000000000000;240372
0000000000000000000000000000;240421
0000000000000000000000000000;240488
0000000000000000000000000000;240538
0000000000000000000000000000;240604
0000000000000000000000000000;240671
0000000000000000000000000000;240721
0000000000000000000000000000;240771
0000000000000000000000000000;240838
0000000000000000000000000000;240904
0000000000000000000000000000;240955
0000000000000000000000000000;241021
0000000000000000000000000000;241072
0000000000000000000000000000;241139
0000000000000000000000000000;241189
0000000000000000000000000000;241254
0000000000000000000000000000;241322
0000000000000000000000000000;241372
;
0000001000000000000110000000;246072
0000000100000000001110000000;246122
0000000110000000001110000000;246188
0000000010000000001110000000;246239
0000000010000000001110000000;246306
0000000100000000001110000000;246372
0000000100000000001100000000;246423
0000000100000000000100000000;246489
0000001000000000000010000000;246556
0000001000000000000000000000;246606
0000010000000000000000000000;246672
0000100000000000000001000000;246724
0000100000000000000001000000;246789
0000100000000000000001000000;246856
0000000000000000000001000000;246905
0000010000000000000001000000;246956
0000000100000000000001000000;247024
0000000010000000000110000000;247075
0000000001000000000111000000;247140
0000000000000000000100000000;247207
0000000000000000000000000000;247257
0000000000000000000000000000;247324
0000000000000000000000000000;247372
0000000000000000000000000000;247441
0000000000000000000000000000;247507
0000000000000000000000000000;247557
0000000000000000000000000000;247624
0000000000000000000000000000;247691
0000000000000000000000000000;247741
0000000000000000000000000000;247791
0000000000000000000000000000;247855
0000000000000000000000000000;247908
0000000000000000000000000000;247972
0000000000000000000000000000;248042
;
0000000000000000000100000000;254343
0000010000000000000100000000;254393
0000001000000000001000000000;254460
0000001000000000000000000000;254511
0000000000000000000000000000;254578
0000000000000000000000000000;254644
0000000000000000000000000000;254694
0000000000000000000000000000;254760
0000000000000000000000000000;254811
0000000000000000000000000000;254877
0000000000000000000000000000;254927
0000000000000000000000000000;254994
0000000000000000000000000000;255043
0000010000000000000010000000;255112
0000000100000000000000000000;255178
0000000000000000000000000000;255227
0000000000000000000000000000;255293
0000000000000000000000000000;255346
0000000000000000000000000000;255411
0000000000000000000000000000;255475
0000000000000000000000000000;255526
0000000000000000000000000000;255593
0000000000000000000000000000;255646
0000000000000000000000000000;255712
0000000000000000000000000000;255759
0000000000000000000000000000;255826
0000000000000000000000000000;255879
0000000000000000000000000000;255943
0000000000000000000000000000;256012
0000000000000000000000000000;256059
0000000000000000000000000000;256125
0000000000000000000000000000;256176
0000000000000000000000000000;256242
0000000000000000000000000000;256293
;
0000100000000000001000000000;260694
0000100000000000000000000000;260759
0000100000000000000000000000;260812
0000000000000000000000000000;260879
0000000000000000000000000000;260943
0000000000000000000000000000;261009
0000000000000000000100000000;261063
0000100000000000000100000000;261110
0000100000000000000100000000;261176
0000100000000000000100000000;261227
0000100000000000000100000000;261293
0000100000000000000100000000;261359
0000000000000000000000000000;261410
0000000000000000000000000000;261477
0000000000000000000000000000;261526
0000000000000000000000000000;261593
0000000000000000000000000000;261644
0000000000000000000000000000;261710
0000000000000000000110000000;261777
0000000000000000000110000000;261826
0000000000000000000110000000;261879
0000000000000000000110000000;261948
0000000000000000000110000000;261998
0000001000000000000111000000;262065
0000000000000000000111000000;262114
0000000000000000000110000000;262181
0000000000000000000110000000;262248
0000000100000000000110000000;262297
0000000000000000000110000000;262366
0000000100000000000110000000;262432
0000000000000000000110000000;262480
0000000100000000000100000000;262549
0000000100000000000100000000;262598
0000000100000000000100000000;262665
0000000100000000000000000000;262716
0000000100000000000000000000;262782
0000000100000000000110000000;262849
0000000100000000000110000000;262896
0000000000000000000110000000;262949
0000000000000000000110000000;263016
0000000000000000000110000000;263083
0000000000000000000110000000;263130
0000000000000000000110000000;263196
0000000000000000000110000000;263247
0000000000000000000110000000;263313
0000000000000000000110000000;263367
0000000000000000000110000000;263430
0000000000000000000110000000;263497
0000000000100000000110000000;263551
0000000000100000000110000000;263615
0000000000100000000110000000;263668
0000000000000000000110000000;263734
0000000001000000000110000000;263785
0000000001000000000110000000;263851
0000000001000000001110000000;263901
0000000000000000000110000000;263968
0000000000000000000110000000;264017
0000000000000000000000000000;264085
;
0000010000000000000110000000;267974
0000010000000000000100000000;268008
0000000000000000000110000000;268074
0000000000000000000110000000;268138
0000000000000000000110000000;268191
0000000000000000000110000000;268258
0000000000000000000110000000;268305
0000000000000000010000000000;268371
0000010000000000010000000000;268422
0000000000000000000000000000;268492
0000000000000000000000000000;268538
0000000000000000000000000000;268605
0000000000000000000000000000;268672
0000000000000000000000000000;268721
0000000000000000000000000000;268788
0000000000000000000000000000;268839
0000000000000000000000000000;268905
0000000000000000000000000000;268955
0000000000000000000010000000;269022
0000001000000000000010000000;269072
0000000000000000000000000000;269138
0000000100000000000010000000;269205
0000000000000000000000000000;269271
0000000000000000000000000000;269321
0000000000000000000000000000;269388
0000000010000000000000000000;269438
0000000000000000000000000000;269505
0000000000000000000000000000;269557
0000000000000000000000000000;269624
0000000000000000000000000000;269672
0000000000000000000000000000;269739
0000000000000000000000000000;269791
0000000000000000000000000000;269857
0000000000000000000000000000;269922
;
0000000000000000000000000000;270507
0000000000000000000000000000;270572
0000000000000000000100000000;270639
0000000001000000000100000000;270688
0000000000100000001000000000;270755
0000000000000000000000000000;270805
0000000000000000000000000000;270872
0000000000000000000000000000;270922
0000000000000000000000000000;270988
0000000000000000000000000000;271039
0000000000000000000000000000;271106
0000000000000000000000000000;271172
0000000000000000000000000000;271225
0000000000000000000000000000;271289
0000000000000000000000000000;271356
0000000000000000000000000000;271406
0000000000000000000000000000;271456
0000000000000000000000000000;271522
0000000000000000000000000000;271589
0000000000000000000000000000;271638
0000000000000000000000000000;271705
0000000000000000000000000000;271756
0000000000000000000000000000;271822
0000000000000000000000000000;271893
0000000000000000000000000000;271938
0000000000000000000000000000;271989
0000000000000000000000000000;272057
0000000000000000000000000000;272123
0000000000000000000000000000;272172
0000000000000000000000000000;272230
0000000000000000000000000000;272289
0000000000000000000000000000;272357
0000000000000000000000000000;272424
0000000000000000000000000000;272474
;
0000010000000000001000000000;277340
0000010000000000011000000000;277406
0000010000000000011000000000;277473
0000010000000000011000000000;277523
0000010000000000011000000000;277591
0000010000000000011000000000;277640
0000010000000000011000000000;277707
0000010000000000001000000000;277774
0000010000000000001110000000;277824
0000000000000000000110000000;277874
0000000000000000010110000000;277941
0000000000000000000110000000;277991
0000000000000000010110000000;278057
0000000000100000010110000000;278125
0000000000100000010110000000;278174
0000000000100000010110000000;278241
0000000000100000010110000000;278308
0000000000100000000110000000;278358
0000000000000000000000000000;278425
0000000000000000000000000000;278474
0000000000000000000000000000;278539
0000000000000000000000000000;278608
0000000000000000000000000000;278658
0000000000000000000000000000;278725
0000000000000000000000000000;278776
0000000000000000000000000000;278842
0000000000000000000000000000;278892
0000000000000000000000000000;278959
0000000000000000000000000000;279009
0000000000000000000000000000;279073
0000000000000000000000000000;279123
0000000000000000000000000000;279189
0000000000000000000000000000;279240
0000000000000000000000000000;279309
;
0000000010000000000100000000;290379
0000000010000000000000000000;290428
0000000010000000001000000000;290496
0000000010000000001000000000;290544
0000000010000000000000000000;290612
0000000000000000000000000000;290662
0000000100000000001000000000;290729
0000000000000000001000000000;290796
0000000000000000001000000000;290846
0000010000000000000000000000;290912
0000000000000000000000000000;290962
0000000000000000000000000000;291029
0000000000000000000000000000;291078
0000000000000000000000000000;291130
0000000000000000000000000000;291196
0000000000000000000000000000;291262
0000000000000000000000000000;291313
0000000000000000000000000000;291379
0000000000000000000000000000;291446
0000000000000000000000000000;291498
0000000000000000000000000000;291563
0000000000000000000000000000;291630
0000000000000000000000000000;291680
0000000000000000000000000000;291744
0000000000000000000000000000;291797
0000000000000000000000000000;291863
0000000000000000000000000000;291911
0000000000000000000000000000;291963
0000000000000000000000000000;292030
0000000000000000000000000000;292094
0000000000000000000000000000;292148
0000000000000000000000000000;292214
0000000000000000000000000000;292280
0000000000000000000000000000;292331
;
0000000000000000000000000000;298402
0000000000000000000000000000;298452
0000000100000000001000000000;298518
0000000000000000000000000000;298585
0000000000000000000000000000;298635
0000000000000000000000000000;298685
0000000000000000000000000000;298753
0000000000000000000000000000;298819
0000000000000000000000000000;298869
0000000000000000000000000000;298936
0000000000000000000000000000;298986
0000000000000000000000000000;299053
0000000000000000000000000000;299102
0000000000000000000000000000;299170
0000000000000000000000000000;299235
0000000000000000000000000000;299285
0000000000000000000000000000;299352
0000000000000000000000000000;299402
0000000000000000000000000000;299470
0000000000000000000000000000;299521
0000000000000000000000000000;299586
0000000000000000000000000000;299652
0000000000000000000000000000;299702
0000000000000000000000000000;299755
0000000000000000000000000000;299818
0000000000000000000000000000;299885
0000000000000000000000000000;299937
0000000000000000000000000000;300005
0000000000000000000000000000;300052
0000000000000000000000000000;300120
0000000000000000000000000000;300191
0000000000000000000000000000;300235
0000000000000000000000000000;300302
0000000000000000000000000000;300353
;
0000000000000000000000000000;303641
0000010000000000000000000000;303686
0000000000000000000000000000;303742
0000000000000000000000000000;303807
0000000100000000001000000000;303858
0000000100000000000000000000;303941
0000000000000000000000000000;303991
0000000000000000000000000000;304036
0000000000000000000000000000;304108
0000000000000000000000000000;304152
0000000000000000000000000000;304224
0000000000000000000000000000;304285
0000000000000000000000000000;304336
0000000000000000000000000000;304408
0000000000000000000000000000;304468
0000000000000000000000000000;304519
0000000000000000000000000000;304586
0000000000000000000000000000;304635
0000000000000000000000000000;304703
0000000000000000000000000000;304770
0000000000000000000000000000;304825
0000000000000000000000000000;304886
0000000000000000000000100000;304953
0000000100000000000000000000;305005
0000001000000000000000100000;305052
0000001000000000000000100000;305120
0000001000000000000000100000;305186
0000001000000000000000100000;305236
0000001000000000000000000000;305285
0000000000000000000000000000;305353
0000000000000000000000000000;305403
0000000000000000000000000000;305472
0000000000000000000000000000;305537
0000000000000000000000000000;305603
;
0000000100000000000100000000;306237
0000000100000000000100000000;306304
0000000000000000000000000000;306371
0000000000000000000000000000;306422
0000000000000000000000000000;306487
0000000000000000000000000000;306536
0000000000000000000000000000;306605
0000000000000000000000000000;306672
0000000000000000000000000000;306723
0000000000000000000000000000;306789
0000000000000000000000000000;306839
0000000000000000000000000000;306893
0000000000000000000000000000;306955
0000000000000000000000000000;307024
0000000000000000000000000000;307072
0000000000000000000000000000;307140
0000000000000000000000000000;307189
0000000000000000000000000000;307255
0000000000000000000000000000;307306
0000000000000000000000000000;307372
0000000000000000000000000000;307440
0000000000000000000000000000;307507
0000000000000000000000000000;307556
0000000000000000000000000000;307606
0000000000000000000000000000;307674
0000000000000000000000000000;307739
0000000000000000000000000000;307790
0000000000000000000000000000;307856
0000000000000000000000000000;307923
0000000000000000000000000000;307970
0000000000000000000000000000;308024
0000000000000000000000000000;308087
0000000000000000000000000000;308158
0000000000000000000000000000;308207
;
0000000000000000010000000000;320227
0000000000000000010000000000;320288
0000000100000000010000000000;320339
0000000010000000010000000000;320411
0000000010000000010000000000;320488
0000000010000000010000000000;320511
0000000010000000000000000000;320588
0000000000000000001000000000;320639
0000000100000000000000000000;320694
0000000000000000000000000000;320755
0000000000000000000000000000;320823
0000000000000000000000000000;320872
0000000000000000000000000000;320939
0000000000000000000000000000;320988
0000000000000000000000000000;321056
0000000000000000000000000000;321105
0000010000000000000001000000;321172
0000010000000000000001000000;321238
0000001000000000000011000000;321288
0000000010000000000000000000;321355
0000000000000000000000000000;321422
0000000000000000000010000000;321473
0000000001000000000010000000;321541
0000000001000000000010000000;321574
0000000001000000000000000000;321638
0000000000000000000000000000;321706
0000000000000000000000000000;321757
0000000000000000000000000000;321827
0000000000000000000000000000;321888
0000000000000000000000000000;321938
0000000000000000000000000000;322008
0000000000000000000000000000;322078
0000000000000000000000000000;322122
0000000000000000000000000000;322189
;
0000100000000000000110000000;326706
0000100000000000000110000000;326758
0000100000000000000110000000;326807
0000000000000000000110000000;326872
0000010000000000001110000000;326938
0000000000000000001110000000;326989
0000000000000000000110000000;327056
0000000000000000000110000000;327123
0000000000000000000110000000;327173
0000000000000000000110000000;327240
0000000000000000000110000000;327290
0000000000000000000110000000;327356
0000000000000000000000000000;327410
0000000000000000000000000000;327473
0000000000000000000000000000;327541
0000000000000000000000000000;327590
0000000000000000000000000000;327641
0000000000000000000000000000;327707
0000000000000000000000000000;327774
0000000000000000000000000000;327824
0000000000000000000000000000;327890
0000000000000000000000000000;327942
0000000000000000000000000000;328008
0000000000000000000000000000;328057
0000000000000000000000000000;328143
0000000000000000000000000000;328191
0000000000000000000000000000;328244
0000000000000000000000000000;328308
0000000000000000000000000000;328375
0000000000000000000000000000;328425
0000000000000000000000000000;328491
0000010000000000000100000000;328541
0000010000000000000100000000;328608
0000010000000000000100000000;328658
0000011000000000000100000000;328725
0000001000000000000100000000;328792
0000001000000000000110000000;328839
0000001000000000000110000000;328908
0000000100000000001110000000;328955
0000000100000000001110000000;329026
0000000100000000001110000000;329075
0000000010000000010110000000;329143
0000000010000000010110000000;329192
0000000010000000010110000000;329260
0000000010000000000110000000;329310
0000000000000000000110000000;329376
0000000000000000000000000000;329442
;
0000100000000000000100000000;334016
0000100000000000000100000000;334084
0000100000000000000100000000;334134
0000100000000000000100000000;334201
0000100000000000000100000000;334251
0000000000000000000000000000;334317
0000000000000000000000000000;334367
0000100000000000000000000000;334434
0000000000000000000000000000;334484
0000000000000000000000000000;334567
0000000000000000000000000000;334601
0000000000000000000000000000;334671
0000000000000000000000000000;334735
0000000000000000000000000000;334785
0000000000000000000001000000;334851
0000010000000000000110000000;334902
0000001000000000000111000000;334968
0000001000000000000110000000;335018
0000001000000000000110000000;335085
0000001000000000000110000000;335138
0000001000000000000110000000;335202
0000001000000000000110000000;335252
0000001000000000000110000000;335316
0000001000000000000110000000;335385
0000000000000000000110000000;335436
0000000000000000000110000000;335502
0000000000000000000000000000;335553
0000000000000000000000000000;335618
0000000000000000000000000000;335669
0000000000000000000000000000;335736
0000000000000000000000000000;335818
0000000000000000000000000000;335853
0000000000000000000000000000;335920
0000000000000000000000000000;335987
;
0000000100000000000000000000;336153
0000000010000000000001000000;336221
0000000000000000000000000000;336270
0000000000000000000000000000;336337
0000000000000000000000000000;336387
0000000000000000000000000000;336453
0000000000000000000000000000;336505
0000000000000000000000000000;336571
0000000000000000000000000000;336638
0000000000000000000000000000;336687
0000000000000000000000000000;336752
0000000000000000000000000000;336804
0000000000000000000000000000;336871
0000000000000000000000000000;336940
0000000000000000000000000000;336988
0000000000000000000000000000;337038
0000000000000000000000000000;337105
0000000000000000000000000000;337154
0000000000000000000000000000;337221
0000000000000000000000000000;337288
0000000000000000000000000000;337338
0000000000000000000000000000;337405
0000000000000000000000000000;337456
0000000000000000000000000000;337522
0000000000000000000000000000;337572
0000000000000000000000000000;337639
0000000000000000000000000000;337705
0000000000000000000000000000;337756
0000000000000000000000000000;337823
0000000000000000000000000000;337891
0000000000000000000000000000;337940
0000000000000000000000000000;338006
0000000000000000000000000000;338057
0000000000000000000000000000;338125
;
0000100000000000000110000000;343175
0000000000000000000110100000;343225
0000001000000000000110000000;343292
0000000100000000000111000000;343342
0000000110000000000111000000;343409
0000000110000000000011000000;343459
0000000100000000000010000000;343526
0000000100000000000110000000;343591
0000000100000000000100000000;343641
0000000100000000000100000000;343717
0000000100000000000010000000;343769
0000000100000000000010000000;343815
0000000000000000000000000000;343882
0000000000000000000000000000;343933
0000000000000000000000000000;344000
0000000000000000000000100000;344066
0000000010000000000110100000;344133
0000000010000000000110100000;344184
0000000001000000000110100000;344250
0000000001000000000110000000;344300
0000000000000000000110000000;344368
0000000000100000000111000000;344418
0000000000100000000111000000;344484
0000000000100000000111000000;344531
0000000000100000000111000000;344600
0000000000100000000111000000;344650
0000000000010000000110000000;344717
0000000000000000000110000000;344784
0000000000010000000000000000;344834
0000000000000000001000000000;344901
0000000000100000001000000000;344968
0000000000100000001000000000;345018
0000000000100000001000000000;345085
0000000000000000000000000000;345135
;
0000100000000000000110000000;350836
0000010000000000001110000000;350903
0000010000000000001110000000;350953
0000000000000000001110000000;351020
0000010000000000010110000000;351070
0000010000000000010110000000;351137
0000010000000000000110000000;351203
0000010000000000000110000000;351270
0000000000000000000000000000;351320
0000000000000000000000000000;351389
0000000000000000000000000000;351437
0000000000000000000000000000;351487
0000000000000000000000000000;351556
0000000000000000000000000000;351620
0000000000000000000000000000;351686
0000000000000000000000000000;351736
0000000000000000000000000000;351807
0000000000000000000000000000;351854
0000000000000000000000000000;351904
0000010000000000001110000000;351970
0000010000000000000110000000;352037
0000011000000000000110000000;352085
0000011000000000000110000000;352152
0000001000000000000110000000;352204
0000001000000000000110000000;352270
0000001000000000000110000000;352337
0000001000000000000110000000;352387
0000001000000000000110000000;352455
0000001000000000000110000000;352505
0000010000000000000110000000;352571
0000010000000000000110000000;352621
0000010000000000000010000000;352688
0000010000000000000110000000;352738
0000010000000000000110000000;352805
0000010000000000000100000000;352852
0000010000000000001100000000;352919
0000010000000000001100000000;352973
0000010000000000001110000000;353038
0000011000000000001110000000;353106
0000001000000000000110000000;353173
0000000100000000010110000000;353220
0000000000000000000110000000;353286
0000000010000000100110000000;353340
0000000010000000100110000000;353407
0000000010000000100110000000;353457
0000000000000000000110000000;353508
0000000000000000000000000000;353574
;
