UserID: 1
spiral;
null;
no;
7.0;9.0;0.0;
8.5;9.0;247.0;
9.5;9.0;303.0;
10.5;10.5;896.0;
11.0;12.0;1129.0;
;
slope;
hat;
no;
6.0;11.0;0.0;
7.5;11.0;179.0;
8.5;11.0;297.0;
10.0;10.5;713.0;
9.5;8.5;832.0;
;
pigtail;
w;
no;
11.0;9.0;0.0;
10.0;10.0;350.0;
10.0;10.5;413.0;
8.5;11.0;597.0;
6.5;11.0;765.0;
6.5;9.0;1013.0;
8.5;9.5;1197.0;
9.5;11.0;1297.0;
11.0;12.0;1480.0;
;
hat;
slope;
no;
11.0;9.0;0.0;
11.0;10.5;233.0;
10.5;11.0;300.0;
9.0;12.0;484.0;
7.5;11.0;668.0;
6.5;9.5;768.0;
8.0;8.0;1068.0;
9.0;9.5;1302.0;
;
tab;
spiral;
no;
10.0;8.0;0.0;
10.0;9.5;118.0;
10.0;10.5;183.0;
8.0;9.0;583.0;
6.5;8.0;701.0;
6.0;9.5;884.0;
6.5;12.0;1001.0;
;
w;
z;
no;
7.0;8.0;0.0;
7.5;9.5;287.0;
8.5;9.5;338.0;
10.0;10.5;471.0;
9.5;9.0;771.0;
8.0;9.5;935.0;
8.5;12.5;1172.0;
10.0;13.0;1419.0;
;
hat;
pigtail;
no;
10.0;9.0;0.0;
9.0;8.5;183.0;
8.5;8.0;317.0;
6.5;8.5;483.0;
7.0;10.0;782.0;
8.5;10.5;900.0;
7.0;11.0;1317.0;
7.5;13.0;1618.0;
9.5;13.0;1917.0;
;
zigzag;
w;
no;
8.0;7.0;0.0;
8.5;8.0;182.0;
8.5;9.0;249.0;
10.5;9.0;481.0;
9.0;8.5;965.0;
8.0;10.5;1199.0;
7.5;12.0;1366.0;
5.0;11.0;1685.0;
6.5;10.5;1915.0;
8.0;11.5;2149.0;
9.5;12.5;2335.0;
;
x;
spiral;
no;
5.5;9.0;0.0;
7.5;9.0;187.0;
8.5;9.0;237.0;
10.0;10.0;650.0;
10.5;12.0;783.0;
;
spiral;
hat;
no;
5.0;11.0;0.0;
6.5;11.0;183.0;
7.0;11.0;233.0;
9.5;11.0;483.0;
9.0;9.5;717.0;
;
hat;
bowl;
no;
10.5;9.0;0.0;
10.0;10.0;373.0;
9.0;11.0;489.0;
7.0;11.0;789.0;
6.5;9.5;1090.0;
8.5;10.0;1374.0;
9.5;11.5;1561.0;
11.0;12.5;1674.0;
;
c;
slope;
no;
10.0;9.0;0.0;
10.5;10.0;184.0;
10.5;10.5;250.0;
10.0;12.5;481.0;
8.5;13.0;665.0;
7.0;11.5;898.0;
6.5;9.5;1068.0;
8.5;9.5;1314.0;
8.5;11.5;1616.0;
;
leftAngle;
spiral;
no;
10.0;8.0;0.0;
10.0;9.5;300.0;
10.5;10.0;367.0;
10.0;12.0;717.0;
8.5;11.0;835.0;
7.0;9.5;947.0;
6.5;11.0;1386.0;
;
x;
hat;
no;
10.0;8.0;0.0;
10.5;9.0;116.0;
10.5;9.5;184.0;
10.5;11.5;235.0;
11.0;13.0;302.0;
9.5;12.5;651.0;
9.0;11.0;718.0;
7.0;9.0;834.0;
7.5;11.5;1185.0;
;
leftAngle;
hat;
no;
7.0;8.5;0.0;
7.5;9.5;351.0;
8.0;10.0;467.0;
9.5;11.0;587.0;
11.0;10.0;834.0;
9.5;9.5;1193.0;
8.0;10.5;1426.0;
8.5;12.5;1593.0;
10.5;13.0;1840.0;
;
swipe;
pigtail;
no;
11.0;9.0;0.0;
10.0;8.0;184.0;
9.5;8.0;301.0;
7.0;8.5;535.0;
7.5;10.0;1019.0;
9.5;10.5;1202.0;
8.0;11.0;1603.0;
6.5;11.5;1967.0;
8.5;13.0;2317.0;
10.5;13.0;2622.0;
12.0;12.0;2855.0;
;
pigtail;
w;
no;
9.0;8.0;0.0;
9.5;9.0;475.0;
9.5;9.5;592.0;
11.0;11.0;775.0;
12.0;9.0;1142.0;
10.0;9.0;1492.0;
9.0;10.5;1725.0;
7.5;11.0;2092.0;
7.0;9.5;2559.0;
8.5;10.5;2793.0;
9.5;12.0;2977.0;
;
doubleSlope;
z;
no;
5.5;10.0;0.0;
7.5;10.0;300.0;
7.5;9.5;350.0;
9.5;9.5;532.0;
9.5;11.5;1066.0;
10.0;13.0;1250.0;
;
rightAngle;
hat;
no;
6.0;12.0;0.0;
7.0;11.5;250.0;
8.0;11.5;303.0;
9.5;11.0;433.0;
10.0;8.5;1033.0;
;
dart;
w;
no;
11.0;9.0;0.0;
10.0;10.0;717.0;
10.0;10.5;781.0;
8.5;11.0;948.0;
7.0;10.5;1382.0;
7.5;9.0;1617.0;
9.0;9.5;1967.0;
10.5;11.0;2268.0;
12.0;11.5;2567.0;
;
doubleSlope;
slope;
no;
11.0;9.0;0.0;
11.0;10.5;232.0;
10.5;10.5;356.0;
10.0;12.0;572.0;
8.0;12.0;939.0;
7.0;10.5;1122.0;
7.5;9.0;1356.0;
9.0;8.5;1539.0;
9.5;10.0;1957.0;
10.0;11.5;2073.0;
;
z;
spiral;
no;
10.0;8.0;0.0;
10.5;9.0;233.0;
10.5;9.5;353.0;
10.5;11.5;603.0;
9.0;11.0;952.0;
8.0;9.5;1070.0;
7.5;11.5;1903.0;
;
tab;
hat;
no;
6.0;8.5;0.0;
7.5;9.0;367.0;
7.5;9.5;417.0;
8.5;11.0;600.0;
10.0;10.5;900.0;
8.0;9.5;1434.0;
7.5;11.0;1783.0;
8.5;12.5;2084.0;
10.0;13.0;2267.0;
;
slope;
pigtail;
no;
10.0;8.0;0.0;
8.5;8.0;417.0;
8.0;8.0;585.0;
6.5;8.5;934.0;
7.0;10.5;1367.0;
9.5;10.5;1667.0;
7.5;10.5;2068.0;
7.0;12.0;2801.0;
8.5;13.0;3018.0;
10.5;12.5;3386.0;
;
tab;
w;
no;
8.0;8.0;0.0;
9.0;8.5;483.0;
9.5;9.0;600.0;
10.5;10.5;717.0;
12.0;9.0;1201.0;
10.5;9.5;1435.0;
9.0;11.0;1668.0;
8.5;12.5;1851.0;
7.0;13.0;2085.0;
;
c;
pigtail;
no;
6.0;12.0;0.0;
7.0;11.5;183.0;
7.5;11.5;301.0;
8.5;13.0;600.0;
10.0;14.0;767.0;
;
