UserID: 1
hat;
null;
no;
5.0;10.0;0.0;
6.5;9.5;247.0;
7.5;9.5;304.0;
9.0;9.0;527.0;
9.0;11.0;1128.0;
8.5;12.5;1728.0;
;
hat;
hat;
yes;
6.0;12.0;0.0;
8.0;12.0;300.0;
8.0;12.0;369.0;
10.0;11.0;1068.0;
9.5;9.0;1319.0;
;
w;
bowl;
no;
11.0;10.0;0.0;
10.0;11.0;117.0;
9.0;12.0;233.0;
7.0;12.0;467.0;
6.0;10.0;716.0;
7.0;8.5;1017.0;
8.5;9.0;1200.0;
9.0;11.0;1366.0;
11.0;12.0;1550.0;
;
z;
slope;
no;
10.0;9.0;0.0;
10.0;10.5;347.0;
10.0;11.0;415.0;
9.0;12.5;596.0;
7.0;12.0;830.0;
5.0;10.5;1081.0;
5.5;9.0;1314.0;
7.0;8.0;1431.0;
8.5;8.5;1597.0;
9.0;10.0;1781.0;
9.0;12.0;2031.0;
;
c;
spiral;
no;
10.0;8.0;0.0;
10.0;9.5;249.0;
10.0;10.0;299.0;
10.0;12.0;416.0;
8.0;11.0;1017.0;
7.5;9.5;1134.0;
6.0;8.5;1617.0;
6.5;10.0;1902.0;
6.5;12.0;2035.0;
;
spiral;
z;
no;
6.0;8.5;0.0;
7.5;9.5;184.0;
8.0;10.0;234.0;
9.5;11.0;418.0;
11.0;10.0;718.0;
9.5;9.0;952.0;
7.5;9.0;1251.0;
7.0;11.0;1485.0;
8.0;12.5;1669.0;
9.5;13.0;1851.0;
;
doubleSlope;
pigtail;
no;
10.0;9.0;0.0;
9.0;8.5;180.0;
8.0;8.0;249.0;
6.0;8.0;417.0;
5.5;9.5;667.0;
6.5;11.0;834.0;
8.0;11.5;1013.0;
9.5;11.0;1184.0;
7.0;11.0;1488.0;
5.5;12.0;1721.0;
6.0;13.5;2021.0;
8.0;14.0;2205.0;
9.5;13.0;2438.0;
;
zigzag;
w;
no;
7.0;7.0;0.0;
7.5;8.0;117.0;
8.0;9.0;165.0;
10.0;10.0;335.0;
10.0;8.0;887.0;
8.0;9.0;1119.0;
7.5;11.0;1351.0;
6.0;12.0;1602.0;
6.5;10.0;2069.0;
8.0;11.0;2305.0;
9.5;12.0;2487.0;
;
z;
z;
yes;
4.5;9.5;0.0;
6.5;9.5;183.0;
7.5;9.5;249.0;
9.5;9.0;416.0;
10.0;10.5;901.0;
9.5;12.0;1017.0;
;
leftAngle;
hat;
no;
5.0;11.0;0.0;
6.0;11.5;67.0;
7.5;11.0;184.0;
9.0;11.5;286.0;
10.0;10.0;852.0;
10.0;7.5;1185.0;
;
bowl;
bowl;
yes;
11.0;9.0;0.0;
10.0;10.0;224.0;
9.0;11.0;341.0;
7.0;11.0;572.0;
5.5;10.0;825.0;
6.5;8.5;1058.0;
8.5;9.5;1409.0;
9.0;11.0;1523.0;
10.5;12.0;1772.0;
;
x;
slope;
no;
11.0;9.0;0.0;
11.0;10.5;118.0;
11.0;11.0;190.0;
9.0;12.5;420.0;
7.0;11.0;722.0;
6.0;9.5;903.0;
7.5;8.5;1136.0;
9.0;9.0;1492.0;
;
slope;
spiral;
no;
10.0;9.0;0.0;
10.0;10.666667;584.0;
10.0;12.5;650.0;
9.0;11.0;1118.0;
8.0;9.0;1351.0;
8.0;11.0;2185.0;
;
tab;
hat;
no;
6.0;8.0;0.0;
6.5;9.0;233.0;
6.5;9.5;300.0;
8.0;10.5;534.0;
9.5;10.0;835.0;
8.0;9.0;1310.0;
6.5;9.5;1543.0;
7.0;11.0;1777.0;
8.5;12.5;2211.0;
10.5;13.0;2444.0;
;
x;
z;
no;
11.0;9.0;0.0;
9.0;9.0;416.0;
9.0;8.5;467.0;
7.5;8.0;601.0;
6.0;8.5;700.0;
6.0;10.5;950.0;
7.5;11.0;1067.0;
9.5;11.0;1302.0;
7.5;11.0;1601.0;
6.0;12.0;1833.0;
;
x;
pigtail;
no;
9.0;14.0;0.0;
10.0;13.5;162.0;
10.5;13.0;392.0;
;
spiral;
z;
no;
10.0;7.0;0.0;
8.0;7.0;248.0;
7.5;7.0;317.0;
6.0;8.0;551.0;
7.5;9.0;782.0;
9.0;9.5;964.0;
10.5;9.0;1197.0;
9.0;9.5;1381.0;
7.5;9.0;1565.0;
6.5;10.5;1798.0;
8.0;12.0;2098.0;
10.0;12.0;2332.0;
;
z;
w;
no;
7.0;7.0;0.0;
7.0;8.5;185.0;
7.5;9.0;249.0;
9.5;9.5;417.0;
11.0;10.0;617.0;
9.0;9.0;1132.0;
8.0;10.5;1500.0;
6.0;12.0;1783.0;
;
swipe;
hat;
no;
5.0;11.0;0.0;
5.5;10.0;183.0;
6.5;10.0;367.0;
8.0;11.5;600.0;
9.5;12.5;835.0;
;
tab;
hat;
no;
8.0;7.0;0.0;
8.5;9.0;301.0;
9.5;9.0;368.0;
11.0;10.0;652.0;
11.0;8.0;1019.0;
9.0;8.0;1250.0;
8.5;9.5;1617.0;
9.0;11.0;1784.0;
7.0;11.5;2083.0;
8.5;11.0;2983.0;
9.5;12.5;3151.0;
;
slope;
z;
no;
5.0;10.0;0.0;
7.0;9.5;249.0;
7.5;9.5;298.0;
9.5;9.5;482.0;
9.5;12.0;1085.0;
;
spiral;
hat;
no;
5.0;11.5;0.0;
7.0;11.5;170.0;
8.0;11.5;216.0;
9.5;11.0;399.0;
9.5;9.333333;1118.0;
;
leftAngle;
w;
no;
11.0;9.0;0.0;
10.5;10.0;301.0;
10.0;11.0;417.0;
8.0;11.0;601.0;
6.5;10.5;885.0;
7.5;9.0;1202.0;
9.0;10.5;1433.0;
11.0;12.0;1616.0;
;
hat;
spiral;
no;
10.0;8.0;0.0;
10.5;9.0;117.0;
10.0;10.5;305.0;
9.0;12.0;534.0;
7.0;12.0;767.0;
6.0;9.5;951.0;
7.0;8.0;1254.0;
8.5;8.5;1420.0;
;
x;
spiral;
no;
10.0;8.0;0.0;
9.5;9.0;117.0;
9.5;9.5;183.0;
9.5;12.0;420.0;
8.0;11.0;833.0;
7.5;9.5;951.0;
6.5;11.0;1601.0;
7.0;13.0;1668.0;
;
spiral;
z;
no;
6.0;8.0;0.0;
7.5;9.0;250.0;
7.5;9.0;314.0;
9.0;9.5;480.0;
7.5;8.5;1137.0;
7.0;10.0;1487.0;
8.0;11.5;1671.0;
9.5;12.5;1785.0;
11.0;13.0;2019.0;
;
