UserID: 1
leftAngle;
null;
no;
7.0;11.0;0.0;
8.5;11.0;433.0;
9.0;11.0;544.0;
11.0;12.5;962.0;
11.0;15.0;1077.0;
;
tab;
hat;
no;
5.5;15.0;0.0;
7.5;15.5;350.0;
8.0;16.0;420.0;
9.2;14.0;836.0;
9.5;11.0;950.0;
;
rightAngle;
bowl;
no;
10.0;10.0;0.0;
10.0;11.5;118.0;
10.0;12.0;234.0;
10.333333;13.5;351.0;
6.0;12.0;835.0;
6.5;10.0;1068.0;
7.6666665;11.5;1433.0;
9.0;12.5;1550.0;
10.333333;13.5;1599.0;
;
dart;
spiral;
no;
10.0;10.0;0.0;
10.5;11.0;182.0;
10.5;12.0;249.0;
11.0;13.5;479.0;
9.5;14.0;712.0;
8.5;12.0;1146.0;
6.0;11.5;1195.0;
6.5;9.5;1380.0;
8.0;11.0;2030.0;
8.5;12.5;2212.0;
;
x;
z;
no;
11.0;9.5;0.0;
10.5;10.5;118.0;
11.0;11.5;184.0;
11.0;13.5;301.0;
10.333333;12.0;784.0;
9.0;10.5;901.0;
7.5;10.333333;1018.0;
6.5;11.5;1436.0;
7.0;13.5;1551.0;
6.6666665;15.0;1601.0;
;
c;
z;
no;
7.0;8.5;0.0;
7.5;10.5;301.0;
7.5;10.5;349.0;
8.5;12.5;534.0;
10.666667;12.5;668.0;
12.0;11.0;835.0;
10.0;10.0;1132.0;
8.5;9.5;1432.0;
7.5;11.5;1600.0;
8.5;13.0;1850.0;
9.5;14.5;1965.0;
12.0;15.0;2082.0;
;
zigzag;
pigtail;
no;
12.0;9.5;0.0;
11.0;9.0;67.0;
10.0;9.0;117.0;
8.0;8.5;351.0;
6.5;10.0;652.0;
7.5;11.5;768.0;
9.0;12.5;1069.0;
7.5;12.0;1719.0;
6.5;14.0;1966.0;
8.5;15.0;2266.0;
10.0;15.333333;2667.0;
;
leftAngle;
w;
no;
5.5;8.5;0.0;
6.5;9.5;232.0;
6.5;10.0;299.0;
7.0;11.5;415.0;
8.5;11.0;666.0;
9.0;9.5;899.0;
7.5;10.5;1616.0;
6.5;12.0;1782.0;
6.0;13.5;1965.0;
5.0;12.0;2433.0;
4.5;10.5;2684.0;
5.0;12.0;2969.0;
6.0;13.5;3101.0;
7.0;15.0;3450.0;
;
hat;
z;
no;
3.0;11.0;0.0;
4.5;11.0;416.0;
4.5;11.5;467.0;
7.5;13.0;1068.0;
6.6666665;14.5;1185.0;
;
x;
hat;
no;
3.0;13.0;0.0;
4.0;12.5;467.0;
4.5;12.5;717.0;
6.5;12.5;936.0;
7.5;11.0;1116.0;
7.0;9.5;1233.0;
;
tab;
bowl;
no;
8.5;9.5;0.0;
8.0;10.5;183.0;
7.5;11.5;300.0;
7.0;13.0;549.0;
5.5;13.5;666.0;
4.5;11.5;1016.0;
4.0;9.5;1251.0;
5.5;11.5;1733.0;
7.0;12.0;1849.0;
7.5;13.5;1917.0;
8.5;16.0;2149.0;
;
leftAngle;
slope;
no;
7.0;10.0;0.0;
7.0;11.5;133.0;
7.5;11.5;184.0;
7.5;13.5;313.0;
6.5;15.0;597.0;
5.0;14.5;847.0;
4.0;12.0;1013.0;
3.0;10.0;1197.0;
4.0;8.5;1486.0;
4.5;10.0;1853.0;
4.6666665;12.0;2036.0;
6.0;13.0;2204.0;
;
doubleSlope;
spiral;
no;
7.0;9.0;0.0;
7.0;10.5;250.0;
7.0;11.0;302.0;
6.5;13.0;551.0;
5.0;11.0;1134.0;
4.0;13.0;1719.0;
;
c;
hat;
no;
4.0;10.0;0.0;
4.5;11.0;234.0;
5.5;11.5;301.0;
6.5;13.0;515.0;
8.5;12.0;815.0;
7.5;10.5;1001.0;
5.5;10.5;1299.0;
4.5;12.5;1599.0;
5.0;14.5;1765.0;
;
rightAngle;
pigtail;
no;
8.0;10.5;0.0;
7.5;9.5;234.0;
6.5;9.5;417.0;
5.0;10.5;835.0;
4.0;12.0;952.0;
6.0;12.5;1236.0;
8.0;12.5;1603.0;
6.0;12.5;1786.0;
4.5;13.5;2133.0;
5.5;15.0;2434.0;
7.25;14.5;2853.0;
;
z;
w;
no;
5.0;7.5;0.0;
5.5;9.0;235.0;
5.5;9.0;300.0;
6.0;11.5;417.0;
7.6666665;11.5;785.0;
8.0;9.5;1002.0;
6.5;10.0;1436.0;
6.0;12.0;1733.0;
4.0;11.0;2316.0;
6.0;13.0;2916.0;
6.5;14.5;3100.0;
;
swipe;
pigtail;
no;
5.0;11.0;0.0;
4.0;10.5;185.0;
7.0;11.5;884.0;
8.5;13.5;1016.0;
8.5;16.0;1135.0;
;
bowl;
z;
no;
4.0;13.0;0.0;
5.25;13.5;522.0;
6.0;13.5;589.0;
6.5;11.5;1006.0;
7.0;9.5;1124.0;
;
slope;
w;
no;
8.0;10.0;0.0;
7.5;11.5;367.0;
6.5;11.5;417.0;
7.0;13.0;602.0;
5.5;11.5;1185.0;
4.5;9.5;1434.0;
6.0;10.5;1965.0;
7.0;12.0;2148.0;
8.0;13.5;2254.0;
;
tab;
slope;
no;
7.0;10.5;0.0;
7.5;11.5;115.0;
7.5;12.0;181.0;
7.0;14.5;470.0;
5.5;14.0;955.0;
5.0;12.5;1189.0;
4.0;11.0;1305.0;
4.0;9.0;1539.0;
5.25;10.0;1886.0;
6.5;11.5;1953.0;
7.0;13.0;2203.0;
;
z;
spiral;
no;
7.5;10.5;0.0;
7.5;12.0;235.0;
7.0;12.5;301.0;
6.5;14.0;552.0;
6.0;12.5;783.0;
5.5;11.0;949.0;
4.0;12.5;1482.0;
;
z;
hat;
no;
4.0;9.0;0.0;
3.5;10.5;117.0;
4.5;11.0;183.0;
5.0;12.5;366.0;
7.5;11.5;831.0;
6.3333335;10.0;1181.0;
5.75;11.5;1482.0;
4.5;12.5;1601.0;
5.5;14.0;1782.0;
6.0;15.5;1966.0;
;
x;
pigtail;
no;
7.5;11.0;0.0;
7.0;10.0;249.0;
7.0;9.5;300.0;
5.0;9.5;601.0;
4.5;11.0;784.0;
5.0;12.5;884.0;
7.0;12.5;1248.0;
5.5;11.5;1669.0;
5.0;13.5;1899.0;
6.0;15.0;2382.0;
8.0;14.5;2800.0;
;
spiral;
w;
no;
5.0;8.0;0.0;
5.5;10.5;116.0;
5.5;10.5;183.0;
6.0;12.0;350.0;
7.5;11.5;650.0;
7.0;10.0;967.0;
6.0;12.0;1366.0;
4.5;12.5;1900.0;
4.0;11.0;2133.0;
5.5;12.5;2432.0;
6.0;14.0;2686.0;
6.5;16.5;2800.0;
7.0;14.0;2983.0;
;
