UserID: 1
swipe;
null;
no;
5.0;10.0;0.0;
6.5;9.5;234.0;
7.5;9.5;289.0;
9.0;10.0;765.0;
9.0;13.0;1131.0;
;
bowl;
z;
no;
5.0;11.5;0.0;
7.0;11.5;166.0;
8.0;11.5;232.0;
9.5;11.0;700.0;
9.0;9.5;831.0;
;
leftAngle;
w;
no;
6.0;11.5;0.0;
7.5;11.0;235.0;
8.5;11.5;353.0;
10.0;11.0;587.0;
9.5;9.5;1120.0;
10.0;7.0;1254.0;
;
c;
bowl;
no;
11.0;9.0;0.0;
10.0;9.5;252.0;
10.0;10.5;318.0;
9.0;12.0;550.0;
7.0;11.5;717.0;
5.5;10.0;1017.0;
7.0;9.5;1251.0;
9.0;9.5;1619.0;
10.0;11.0;1734.0;
11.0;12.5;1968.0;
;
spiral;
slope;
no;
11.5;9.0;0.0;
11.0;10.0;183.0;
11.0;10.5;299.0;
10.0;12.0;484.0;
8.0;12.5;717.0;
7.0;11.0;900.0;
6.0;9.5;1201.0;
7.5;8.5;1434.0;
9.0;10.0;1852.0;
;
c;
spiral;
no;
10.0;8.5;0.0;
10.0;10.5;300.0;
10.0;11.0;366.0;
8.0;11.0;900.0;
7.5;9.5;949.0;
6.0;10.0;1501.0;
6.5;12.5;1619.0;
;
doubleSlope;
z;
no;
5.0;8.0;0.0;
5.5;9.0;183.0;
6.0;9.5;232.0;
7.5;10.5;484.0;
9.0;11.0;598.0;
9.5;9.5;832.0;
8.0;9.0;1185.0;
6.5;9.5;1364.0;
7.0;11.5;1731.0;
8.0;13.0;1901.0;
9.5;13.5;2081.0;
;
bowl;
pigtail;
no;
11.0;9.0;0.0;
9.5;9.0;170.0;
8.5;8.5;217.0;
6.5;8.5;468.0;
6.5;10.5;700.0;
8.0;11.0;884.0;
7.0;13.0;1769.0;
9.0;14.0;2068.0;
;
c;
bowl;
no;
9.0;8.5;0.0;
7.0;8.5;234.0;
6.0;8.5;300.0;
6.5;10.5;651.0;
8.0;11.0;767.0;
6.0;11.0;1353.0;
6.5;13.0;1717.0;
8.5;13.0;2018.0;
10.5;13.0;2200.0;
;
pigtail;
w;
no;
7.0;8.0;0.0;
7.5;9.5;546.0;
8.0;10.0;596.0;
9.5;11.0;779.0;
11.0;10.0;1313.0;
9.5;9.5;1496.0;
9.0;11.0;1679.0;
8.0;12.5;1914.0;
6.0;12.0;2213.0;
7.5;11.0;2630.0;
9.0;12.5;2865.0;
;
spiral;
z;
no;
5.0;10.0;0.0;
7.0;10.0;235.0;
7.5;10.0;285.0;
9.5;9.5;418.0;
10.0;11.5;1017.0;
11.0;14.0;1135.0;
;
leftAngle;
hat;
no;
5.0;12.0;0.0;
6.5;12.0;233.0;
7.0;12.0;300.0;
9.5;12.0;483.0;
10.0;10.5;833.0;
9.5;9.0;1083.0;
10.0;7.5;1252.0;
;
w;
bowl;
no;
12.0;9.0;0.0;
11.0;9.5;168.0;
10.0;11.0;351.0;
8.5;12.0;651.0;
7.0;11.0;835.0;
7.5;9.5;1303.0;
9.5;10.0;1784.0;
10.5;11.5;2018.0;
12.0;13.0;2252.0;
;
pigtail;
slope;
no;
11.0;9.0;0.0;
11.0;10.5;184.0;
10.5;11.0;234.0;
9.0;12.5;533.0;
7.0;12.0;719.0;
6.0;10.5;1069.0;
6.5;9.0;1253.0;
8.0;8.5;1434.0;
9.5;10.0;1918.0;
;
z;
spiral;
no;
11.0;8.5;0.0;
11.0;10.0;186.0;
11.0;10.5;236.0;
9.0;9.5;785.0;
7.5;8.0;950.0;
7.5;10.0;1367.0;
7.5;12.5;1485.0;
;
z;
z;
yes;
6.5;8.0;0.0;
7.5;8.5;184.0;
7.5;9.5;233.0;
9.0;10.5;417.0;
10.5;11.0;584.0;
11.0;9.5;951.0;
9.0;9.0;1249.0;
7.5;9.5;1482.0;
8.0;11.5;1832.0;
9.5;12.5;2066.0;
;
c;
pigtail;
no;
11.0;9.0;0.0;
10.0;8.5;181.0;
9.5;8.0;235.0;
7.5;8.0;431.0;
5.5;8.5;599.0;
7.0;9.5;1082.0;
8.5;10.5;1250.0;
7.0;10.0;1850.0;
6.0;12.0;2151.0;
7.5;12.5;2384.0;
9.5;12.0;2682.0;
;
w;
w;
yes;
8.0;7.0;0.0;
8.0;8.5;283.0;
8.5;9.0;400.0;
10.0;10.5;533.0;
12.0;9.0;1114.0;
10.0;8.0;1365.0;
8.5;8.5;1531.0;
8.0;11.0;1830.0;
7.5;12.5;2081.0;
6.0;13.0;2300.0;
4.5;12.0;2615.0;
5.5;10.5;2955.0;
7.0;11.5;3205.0;
8.5;12.5;3388.0;
;
c;
doubleSlope;
no;
6.0;9.5;0.0;
7.5;10.0;250.0;
8.5;9.5;300.0;
10.5;10.0;417.0;
10.5;12.0;1317.0;
10.0;14.0;1434.0;
;
pigtail;
hat;
no;
5.0;12.0;0.0;
7.0;12.0;185.0;
7.5;12.0;235.0;
9.0;12.5;369.0;
9.5;11.0;784.0;
9.0;9.0;1068.0;
;
leftAngle;
bowl;
no;
11.0;9.0;0.0;
10.0;9.5;353.0;
10.0;11.0;536.0;
8.5;11.5;720.0;
7.0;12.0;820.0;
5.5;11.0;1071.0;
5.0;9.5;1300.0;
6.5;8.5;1602.0;
8.0;9.5;1951.0;
9.5;11.0;2134.0;
11.0;12.0;2370.0;
;
spiral;
slope;
no;
11.0;8.0;0.0;
11.5;9.5;117.0;
11.0;10.0;205.0;
11.0;12.0;424.0;
9.0;12.5;608.0;
7.0;12.0;775.0;
6.0;10.0;958.0;
6.5;8.5;1188.0;
8.0;8.0;1372.0;
8.5;9.5;1659.0;
;
swipe;
spiral;
no;
10.0;8.5;0.0;
10.5;9.5;364.0;
10.5;11.0;430.0;
11.0;12.5;597.0;
9.5;12.0;897.0;
9.0;10.0;1146.0;
7.5;9.0;1247.0;
6.5;11.5;1967.0;
7.0;13.0;2134.0;
;
w;
z;
no;
6.5;8.0;0.0;
7.5;9.0;167.0;
8.0;9.5;234.0;
9.5;10.5;417.0;
11.0;11.0;717.0;
10.0;9.0;950.0;
8.0;9.5;1251.0;
7.5;11.0;1600.0;
8.5;13.0;1787.0;
10.0;14.0;2134.0;
;
w;
pigtail;
no;
11.0;9.0;0.0;
9.5;9.0;168.0;
9.0;8.5;234.0;
7.0;8.5;533.0;
7.0;10.5;951.0;
9.0;10.5;1134.0;
7.5;11.0;1717.0;
7.0;12.5;2068.0;
8.5;13.0;2367.0;
10.5;13.0;2552.0;
;
c;
w;
no;
7.0;8.0;0.0;
7.5;9.0;168.0;
8.5;9.0;284.0;
10.0;10.0;468.0;
9.0;8.5;1016.0;
8.0;10.0;1353.0;
7.0;11.5;1600.0;
5.0;12.0;1967.0;
;
