UserID: 1
x;
null;
no;
6.0;10.0;0.0;
7.0;9.5;299.0;
7.5;9.5;352.0;
9.0;11.333333;962.0;
9.5;13.0;1146.0;
;
zigzag;
zigzag;
yes;
9.0;8.5;0.0;
8.5;9.5;183.0;
8.5;10.5;300.0;
9.0;12.0;597.0;
7.0;12.0;1565.0;
5.0;12.0;1681.0;
;
rightAngle;
hat;
no;
5.5;12.5;0.0;
7.0;12.5;419.0;
7.5;12.5;535.0;
9.0;11.5;819.0;
9.5;9.5;1019.0;
;
bowl;
bowl;
yes;
9.0;8.0;0.0;
8.5;9.0;282.0;
8.5;9.5;348.0;
8.5;11.5;766.0;
7.3333335;10.0;1116.0;
6.0;8.5;1232.0;
7.5;7.5;2016.0;
8.666667;8.5;2416.0;
10.0;10.0;2734.0;
;
hat;
slope;
no;
5.0;5.0;0.0;
;
rightAngle;
slope;
no;
11.0;9.0;0.0;
10.5;10.0;250.0;
10.5;10.5;317.0;
11.0;13.0;601.0;
9.0;12.5;1435.0;
7.0;11.0;1552.0;
7.0;8.5;1799.0;
9.0;10.0;2499.0;
9.5;11.5;2632.0;
;
tab;
spiral;
no;
11.0;8.5;0.0;
11.5;9.5;184.0;
11.5;10.5;236.0;
11.5;12.5;435.0;
9.5;10.5;1070.0;
8.0;9.5;1316.0;
7.5;11.5;1855.0;
7.5;13.5;2085.0;
;
c;
z;
no;
7.0;6.0;0.0;
7.5;7.5;168.0;
7.5;7.5;233.0;
8.0;9.0;534.0;
10.0;9.0;784.0;
8.5;9.5;1433.0;
9.5;11.0;1617.0;
12.0;12.5;1850.0;
;
doubleSlope;
w;
no;
10.0;7.0;0.0;
9.0;7.5;182.0;
7.5;7.5;417.0;
7.0;9.0;650.0;
6.5;10.5;949.0;
8.5;10.0;1483.0;
7.0;11.0;1783.0;
6.0;12.5;2083.0;
7.0;14.0;2266.0;
9.0;13.5;2616.0;
;
doubleSlope;
w;
no;
7.0;7.5;0.0;
7.5;8.5;186.0;
8.0;9.5;366.0;
9.666667;10.0;767.0;
10.0;8.0;1066.0;
9.0;9.5;1717.0;
8.5;11.0;2150.0;
6.0;11.5;2734.0;
;
leftAngle;
hat;
no;
7.0;8.5;0.0;
6.5;9.5;281.0;
7.0;10.5;334.0;
8.5;9.5;815.0;
8.0;11.0;1465.0;
7.5;12.5;1770.0;
6.0;11.5;2003.0;
5.5;10.0;2137.0;
6.5;11.5;2420.0;
8.0;12.5;2655.0;
10.0;14.0;2901.0;
;
tab;
slope;
no;
7.0;10.0;0.0;
8.0;10.5;417.0;
9.0;10.0;534.0;
10.5;11.5;951.0;
11.0;13.0;1134.0;
;
z;
c;
no;
7.0;13.0;0.0;
6.0;12.5;233.0;
8.5;12.5;767.0;
9.5;11.0;885.0;
9.5;8.5;1120.0;
;
spiral;
z;
no;
10.0;8.5;0.0;
9.5;9.5;117.0;
9.5;10.5;232.0;
9.0;12.0;883.0;
7.5;11.5;1300.0;
6.5;9.5;1484.0;
7.6666665;10.5;2085.0;
9.0;11.5;2252.0;
10.5;12.5;2366.0;
;
tab;
slope;
no;
9.0;9.0;0.0;
9.5;10.5;350.0;
9.5;11.0;417.0;
9.0;13.0;1131.0;
7.5;12.0;1365.0;
6.5;10.5;1602.0;
6.5;8.5;1899.0;
8.0;10.5;2498.0;
;
tab;
hat;
no;
10.0;9.0;0.0;
10.5;10.0;115.0;
10.5;10.5;182.0;
11.0;12.5;364.0;
9.0;11.5;949.0;
6.5;9.5;1133.0;
6.0;11.0;1430.0;
6.0;13.0;1548.0;
5.5;14.5;1614.0;
6.5;16.5;1730.0;
;
doubleSlope;
z;
no;
7.0;8.0;0.0;
7.0;10.5;465.0;
7.5;10.5;515.0;
9.0;11.0;582.0;
10.5;10.5;816.0;
10.0;8.5;1183.0;
8.5;9.5;1416.0;
8.0;11.5;1682.0;
8.5;13.0;1832.0;
10.0;14.0;1948.0;
12.0;14.0;2199.0;
;
spiral;
pigtail;
no;
10.0;8.0;0.0;
8.0;8.0;351.0;
8.0;9.0;416.0;
7.5;10.5;652.0;
8.5;12.0;900.0;
8.0;13.5;1785.0;
7.5;15.0;1969.0;
8.5;16.5;2203.0;
10.5;15.5;2384.0;
;
w;
w;
yes;
7.0;8.0;0.0;
7.5;9.0;162.0;
7.5;9.5;229.0;
9.0;10.5;512.0;
10.5;9.5;879.0;
9.0;11.0;1366.0;
8.5;12.5;1652.0;
7.0;11.5;2020.0;
6.5;10.0;2254.0;
7.5;11.5;2487.0;
9.0;13.5;2784.0;
11.5;15.5;2900.0;
;
bowl;
z;
no;
6.0;11.0;0.0;
7.0;10.5;353.0;
7.5;10.5;484.0;
9.0;10.0;902.0;
10.0;11.5;1135.0;
11.0;13.5;1369.0;
;
hat;
zigzag;
no;
5.5;14.0;0.0;
6.5;13.5;170.0;
7.0;13.5;237.0;
9.0;13.0;484.0;
10.5;12.5;718.0;
9.5;10.5;968.0;
9.5;8.5;1067.0;
;
zigzag;
bowl;
no;
11.0;9.0;0.0;
10.5;10.0;300.0;
10.5;10.5;368.0;
10.5;12.5;651.0;
8.0;12.0;1367.0;
7.0;10.5;1484.0;
9.0;10.0;2201.0;
9.5;11.5;2267.0;
10.5;13.0;2501.0;
12.0;14.0;2618.0;
;
z;
slope;
no;
10.0;9.0;0.0;
10.0;10.5;350.0;
10.5;10.5;400.0;
10.5;12.5;649.0;
8.5;13.5;1417.0;
7.6666665;11.5;1733.0;
5.5;11.5;1767.0;
5.5;9.5;1900.0;
6.5;8.0;2201.0;
7.0;10.5;2501.0;
;
spiral;
c;
no;
10.0;8.0;0.0;
10.5;9.5;301.0;
10.0;10.5;367.0;
10.5;12.5;534.0;
11.0;14.0;901.0;
10.333333;12.5;1050.0;
9.0;11.0;1317.0;
8.0;9.0;1434.0;
6.5;8.5;1551.0;
6.0;10.5;1967.0;
5.5;13.0;2151.0;
;
w;
z;
no;
7.0;8.5;0.0;
7.0;10.5;398.0;
7.5;11.0;465.0;
9.0;10.5;814.0;
10.0;9.0;1001.0;
8.5;9.5;1549.0;
8.0;11.25;2315.0;
8.0;13.0;2549.0;
9.5;13.5;2967.0;
;
x;
pigtail;
no;
10.0;10.0;0.0;
9.5;8.5;117.0;
9.5;8.5;167.0;
8.0;9.0;766.0;
6.0;9.5;883.0;
6.0;11.5;1066.0;
7.5;12.5;1788.0;
5.5;14.5;2320.0;
6.0;16.0;2669.0;
7.5;16.5;2736.0;
10.0;15.0;3084.0;
;
