UserID: 1
z;
null;
no;
5.0;10.0;0.0;
6.0;9.5;231.0;
6.5;9.5;363.0;
7.5;11.0;845.0;
9.0;12.5;1012.0;
;
bowl;
hat;
no;
5.0;13.5;0.0;
6.0;13.0;236.0;
6.5;12.5;416.0;
7.5;10.0;854.0;
7.5;8.0;1017.0;
;
c;
bowl;
no;
7.5;8.0;0.0;
7.0;9.5;350.0;
7.0;10.0;417.0;
4.5;9.5;1002.0;
5.6666665;8.5;1118.0;
4.5;7.5;1254.0;
5.25;9.0;1720.0;
7.0;10.0;1952.0;
8.0;11.5;2318.0;
;
z;
slope;
no;
7.0;7.5;0.0;
7.5;8.5;116.0;
7.5;9.0;233.0;
8.333333;11.0;651.0;
6.5;11.5;884.0;
5.5;10.0;1302.0;
4.75;8.5;1419.0;
6.5;9.5;2201.0;
;
doubleSlope;
spiral;
no;
7.0;8.0;0.0;
7.0;9.5;283.0;
7.0;10.0;416.0;
7.5;12.0;585.0;
6.5;10.0;933.0;
5.0;9.5;1137.0;
5.5;11.0;1721.0;
4.5;12.5;1787.0;
;
hat;
z;
no;
4.0;7.5;0.0;
4.0;9.0;184.0;
4.5;9.0;250.0;
6.0;10.0;417.0;
7.0;8.333333;951.0;
5.5;8.5;1484.0;
5.0;10.0;1850.0;
5.25;12.0;1967.0;
6.5;13.0;2202.0;
;
dart;
pigtail;
no;
7.0;8.0;0.0;
6.0;7.5;713.0;
5.5;8.5;897.0;
4.75;10.25;1248.0;
6.5;10.5;1970.0;
5.75;12.25;2554.0;
5.5;14.0;2802.0;
7.0;13.0;3336.0;
;
tab;
w;
no;
6.0;8.0;0.0;
6.5;9.5;250.0;
6.5;10.0;317.0;
8.0;9.0;667.0;
7.5;7.5;967.0;
6.5;9.0;1486.0;
6.0;10.5;1736.0;
5.5;12.0;1786.0;
4.5;10.5;2087.0;
5.25;12.0;2686.0;
6.5;13.0;2816.0;
;
pigtail;
doubleSlope;
no;
4.5;10.5;0.0;
5.0;9.5;366.0;
6.0;9.5;537.0;
7.0;11.5;951.0;
7.8;12.8;1134.0;
;
x;
hat;
no;
3.0;13.0;0.0;
4.0;12.5;188.0;
5.0;12.0;300.0;
7.0;11.5;651.0;
7.0;9.5;834.0;
;
swipe;
w;
no;
7.0;8.5;0.0;
7.0;10.0;234.0;
6.5;10.0;655.0;
5.25;8.0;1139.0;
4.5;6.5;1371.0;
6.0;8.0;1786.0;
7.5;8.5;2019.0;
;
spiral;
spiral;
yes;
7.0;8.0;0.0;
;
c;
spiral;
no;
7.5;7.5;0.0;
7.0;8.5;350.0;
7.0;9.0;417.0;
5.5;9.5;884.0;
5.0;8.0;1250.0;
6.5;9.0;1783.0;
;
zigzag;
spiral;
no;
7.0;8.5;0.0;
7.5;9.5;316.0;
7.5;10.5;434.0;
6.0;10.0;1267.0;
4.75;8.0;1500.0;
6.5;9.5;2218.0;
;
dart;
spiral;
no;
8.5;8.0;0.0;
8.0;9.5;300.0;
8.0;11.0;349.0;
9.0;13.0;534.0;
7.5;11.0;1067.0;
6.0;10.0;1133.0;
5.5;8.5;1250.0;
5.5;11.0;1719.0;
5.2;12.6;1850.0;
4.5;14.0;2151.0;
;
swipe;
z;
no;
3.0;7.0;0.0;
4.0;7.5;133.0;
4.0;8.5;186.0;
5.25;10.0;416.0;
7.0;9.5;717.0;
7.5;8.0;949.0;
5.25;8.5;1488.0;
5.0;10.0;1721.0;
6.5;11.25;1855.0;
5.0;13.0;1972.0;
6.5;13.5;2139.0;
;
hat;
pigtail;
no;
7.5;8.0;0.0;
6.5;7.5;484.0;
6.0;7.5;649.0;
4.75;9.0;898.0;
4.5;11.0;1068.0;
6.5;11.0;1499.0;
4.5;12.0;2086.0;
5.0;13.5;2204.0;
;
x;
bowl;
no;
8.0;6.0;0.0;
7.0;5.5;468.0;
6.0;6.0;773.0;
4.5;7.0;940.0;
4.5;9.5;1190.0;
6.5;9.0;2020.0;
5.75;10.666667;2788.0;
4.6666665;12.0;3088.0;
6.5;12.0;3327.0;
;
spiral;
w;
no;
5.5;6.0;0.0;
6.0;8.0;167.0;
5.25;8.5;234.0;
7.0;9.0;284.0;
7.5;7.5;585.0;
8.0;6.0;886.0;
6.5;7.0;1189.0;
6.0;9.0;1499.0;
4.5;9.5;2082.0;
3.0;8.5;2250.0;
4.5;10.0;2916.0;
5.8;11.0;3148.0;
;
x;
z;
no;
3.5;10.5;0.0;
4.5;10.0;300.0;
5.0;10.0;367.0;
7.0;11.5;902.0;
8.0;13.0;1067.0;
;
doubleSlope;
hat;
no;
3.0;13.0;0.0;
4.0;12.5;183.0;
4.5;12.0;300.0;
6.0;11.0;830.0;
7.0;8.5;1001.0;
7.5;7.0;1114.0;
;
doubleSlope;
bowl;
no;
7.5;8.0;0.0;
7.0;9.0;234.0;
7.0;9.5;400.0;
5.5;10.0;1301.0;
5.0;8.0;1420.0;
3.5;7.5;1483.0;
5.25;8.0;1951.0;
7.0;9.0;2267.0;
8.5;10.0;2601.0;
;
dart;
slope;
no;
7.5;7.0;0.0;
8.0;8.0;233.0;
8.0;8.5;354.0;
8.5;10.0;534.0;
8.5;12.0;817.0;
7.0;11.5;1172.0;
6.0;10.333333;1355.0;
5.0;9.0;1422.0;
3.5;7.5;1588.0;
5.0;7.0;2006.0;
5.8;8.5;2303.0;
7.0;9.5;2423.0;
;
w;
z;
no;
7.0;7.0;0.0;
7.5;8.0;183.0;
7.5;8.5;299.0;
7.0;10.0;533.0;
7.5;11.5;719.0;
7.0;10.0;1252.0;
6.5;8.0;1434.0;
5.5;9.5;2036.0;
5.2;11.0;2203.0;
8.0;9.0;2500.0;
;
slope;
pigtail;
no;
8.0;9.0;0.0;
;
bowl;
pigtail;
no;
8.0;9.0;0.0;
;
