UserID: 1
c;
null;
no;
5.0;10.0;0.0;
6.0;9.5;182.0;
7.0;10.0;292.0;
9.5;9.0;709.0;
10.0;10.5;1244.0;
10.0;12.5;1476.0;
10.0;15.0;1608.0;
;
dart;
hat;
no;
5.0;13.0;0.0;
6.5;13.0;301.0;
7.5;13.0;368.0;
9.5;12.5;485.0;
10.5;11.0;951.0;
9.5;8.5;1085.0;
;
doubleSlope;
bowl;
no;
9.0;9.0;0.0;
9.0;10.5;234.0;
8.5;10.5;301.0;
8.0;12.0;485.0;
6.0;12.0;652.0;
4.0;11.5;885.0;
4.0;9.5;1002.0;
5.5;8.5;1316.0;
7.5;10.5;1550.0;
9.5;12.5;1732.0;
10.5;14.0;2016.0;
;
c;
slope;
no;
9.0;10.0;0.0;
9.5;11.5;116.0;
9.5;12.5;183.0;
8.0;14.0;600.0;
6.0;13.5;784.0;
4.5;12.5;900.0;
4.0;10.5;1083.0;
4.5;9.0;1318.0;
6.0;9.5;1501.0;
6.5;11.5;1734.0;
;
rightAngle;
spiral;
no;
10.0;9.0;0.0;
9.5;10.5;115.0;
9.5;12.0;182.0;
9.5;14.0;300.0;
8.5;12.5;716.0;
7.0;10.5;834.0;
5.5;9.5;1015.0;
5.5;11.5;1365.0;
5.5;14.5;1482.0;
;
zigzag;
z;
no;
4.5;8.0;0.0;
5.0;9.5;116.0;
5.0;10.5;166.0;
6.5;12.0;364.0;
8.0;12.5;467.0;
9.0;10.5;830.0;
7.0;10.5;1068.0;
5.0;10.5;1248.0;
4.5;12.0;1480.0;
5.0;14.0;1616.0;
7.0;15.5;1717.0;
;
z;
pigtail;
no;
9.0;10.0;0.0;
7.5;9.5;118.0;
6.5;9.0;167.0;
4.5;9.5;436.0;
4.0;11.0;650.0;
5.5;12.0;886.0;
7.5;11.5;1185.0;
6.0;12.0;1418.0;
5.5;13.5;1900.0;
6.0;15.0;2186.0;
8.0;14.5;2252.0;
9.5;12.5;2435.0;
;
leftAngle;
w;
no;
7.0;8.5;0.0;
6.5;9.5;116.0;
7.5;10.0;184.0;
9.0;11.0;417.0;
10.5;10.5;534.0;
9.5;9.0;700.0;
8.0;10.0;1066.0;
7.0;11.5;1319.0;
6.0;13.0;1535.0;
4.5;12.0;1784.0;
4.0;10.0;1899.0;
5.5;10.5;2135.0;
7.0;11.5;2385.0;
8.0;13.0;2485.0;
;
leftAngle;
doubleSlope;
no;
5.0;10.5;0.0;
7.0;10.5;169.0;
7.5;10.0;234.0;
9.0;9.5;351.0;
9.5;12.5;819.0;
9.5;16.0;1000.0;
;
x;
hat;
no;
4.0;12.5;0.0;
5.5;12.5;100.0;
6.0;12.5;164.0;
8.0;12.5;347.0;
9.0;10.5;696.0;
8.5;9.0;880.0;
8.5;7.0;1046.0;
;
zigzag;
bowl;
no;
9.5;9.5;0.0;
8.5;10.5;168.0;
8.5;11.5;233.0;
8.0;13.0;467.0;
6.0;13.5;584.0;
4.0;12.5;883.0;
3.5;10.5;1069.0;
4.0;8.5;1250.0;
6.0;9.0;1485.0;
7.5;10.5;1650.0;
8.5;12.5;1900.0;
9.5;14.0;2201.0;
;
bowl;
slope;
no;
8.0;10.0;0.0;
8.0;11.5;166.0;
8.5;12.5;232.0;
8.0;14.0;464.0;
6.0;14.0;715.0;
5.0;12.5;950.0;
4.0;10.5;1182.0;
4.5;9.0;1366.0;
6.0;9.5;1599.0;
6.5;11.5;1765.0;
7.0;13.0;1966.0;
;
x;
spiral;
no;
9.0;9.0;0.0;
8.0;9.5;115.0;
8.5;10.5;184.0;
8.5;12.5;299.0;
9.0;14.0;649.0;
8.0;12.0;832.0;
6.5;10.5;950.0;
5.0;8.5;1132.0;
4.5;10.0;1432.0;
4.5;12.5;1550.0;
5.0;14.5;1667.0;
;
hat;
z;
no;
5.0;8.5;0.0;
5.5;10.0;250.0;
6.0;10.0;301.0;
7.0;11.5;417.0;
8.5;11.0;600.0;
9.0;9.5;901.0;
7.5;8.5;1085.0;
5.5;9.5;1368.0;
5.0;11.0;1616.0;
5.5;12.5;1732.0;
7.0;14.0;1899.0;
9.0;15.0;2032.0;
;
bowl;
pigtail;
no;
9.0;10.0;0.0;
8.0;9.0;183.0;
6.5;9.0;250.0;
5.0;8.5;416.0;
4.0;10.0;600.0;
4.5;11.5;766.0;
6.5;12.0;1133.0;
8.0;12.5;1250.0;
6.5;11.5;1550.0;
5.0;12.0;1783.0;
3.5;13.0;2016.0;
5.0;15.0;2200.0;
7.0;15.0;2450.0;
9.0;14.5;2570.0;
;
leftAngle;
w;
no;
5.5;8.5;0.0;
6.5;9.5;117.0;
7.0;9.5;183.0;
8.5;11.0;367.0;
10.0;10.0;534.0;
8.5;9.0;884.0;
6.5;10.0;1133.0;
6.5;12.0;1317.0;
4.5;13.0;1617.0;
4.0;11.5;1850.0;
4.5;10.0;2017.0;
6.0;11.5;2267.0;
7.0;13.0;2501.0;
9.0;15.0;2619.0;
;
tab;
doubleSlope;
no;
4.0;10.5;0.0;
5.5;11.0;113.0;
6.5;10.5;181.0;
8.5;10.5;282.0;
8.5;12.5;714.0;
9.0;14.0;881.0;
;
swipe;
hat;
no;
3.5;12.5;0.0;
4.5;13.0;117.0;
5.5;13.5;231.0;
8.0;13.5;415.0;
9.5;12.0;899.0;
9.0;10.333333;1000.0;
9.5;8.5;1063.0;
;
doubleSlope;
bowl;
no;
8.5;9.5;0.0;
7.5;10.0;117.0;
7.5;11.5;303.0;
6.0;12.5;534.0;
4.5;13.0;700.0;
3.0;12.0;950.0;
3.0;10.0;1134.0;
3.5;8.5;1300.0;
5.5;8.5;1534.0;
6.5;10.0;1718.0;
8.0;11.0;1952.0;
9.0;13.0;2069.0;
;
zigzag;
slope;
no;
8.0;10.0;0.0;
8.5;11.0;133.0;
8.5;11.5;184.0;
9.0;13.0;350.0;
7.0;14.0;600.0;
5.0;14.0;716.0;
4.0;12.5;886.0;
3.5;11.0;1189.0;
4.0;9.5;1307.0;
5.5;8.5;1490.0;
6.6666665;10.0;1791.0;
8.0;12.5;1958.0;
;
x;
spiral;
no;
8.0;10.0;0.0;
8.5;11.5;117.0;
8.5;12.0;184.0;
9.5;13.5;420.0;
8.0;12.5;834.0;
6.5;12.0;887.0;
6.0;10.5;1002.0;
4.5;12.0;1601.0;
5.0;13.5;1720.0;
;
slope;
z;
no;
5.0;9.0;0.0;
6.0;9.5;53.0;
6.0;11.0;234.0;
7.5;12.5;416.0;
9.5;12.5;584.0;
9.0;11.0;1016.0;
7.5;10.5;1252.0;
6.0;11.0;1433.0;
5.0;12.5;1600.0;
5.5;14.0;1783.0;
7.0;15.0;1953.0;
8.5;15.5;2083.0;
;
slope;
z;
no;
9.0;9.5;0.0;
8.0;9.0;285.0;
7.5;9.0;352.0;
5.5;9.0;551.0;
4.5;10.5;836.0;
6.0;12.5;1068.0;
8.0;12.5;1317.0;
5.5;12.5;1968.0;
5.0;14.0;2136.0;
6.0;15.5;2553.0;
7.5;15.0;2669.0;
9.5;14.0;2803.0;
;
rightAngle;
w;
no;
6.0;8.0;0.0;
6.5;9.0;252.0;
7.5;9.5;300.0;
8.5;11.0;532.0;
10.0;10.5;666.0;
9.5;9.0;833.0;
8.0;9.5;1133.0;
6.5;10.5;1434.0;
6.0;12.0;1619.0;
4.5;13.5;1850.0;
4.0;12.0;2036.0;
4.5;10.0;2333.0;
5.5;11.5;2551.0;
7.5;13.5;2735.0;
9.0;14.0;3033.0;
;
