UserID: 1
spiral;
null;
no;
4.0;9.0;0.0;
6.0;9.0;2.0;
6.5;9.5;65.0;
8.5;9.5;67.0;
10.5;9.0;68.0;
10.5;11.0;234.0;
10.5;13.0;285.0;
10.5;15.0;417.0;
;
rightAngle;
hat;
no;
6.0;14.0;0.0;
7.5;14.0;239.0;
8.5;13.5;289.0;
10.5;13.5;590.0;
10.5;11.5;723.0;
10.5;9.5;823.0;
10.5;7.5;890.0;
;
pigtail;
bowl;
no;
11.0;9.0;0.0;
10.5;10.0;168.0;
10.5;10.5;234.0;
8.5;11.5;417.0;
7.5;13.0;585.0;
6.0;12.5;767.0;
4.5;11.5;884.0;
4.0;9.5;1067.0;
5.5;8.5;1300.0;
7.5;9.0;1488.0;
8.5;11.0;1667.0;
9.5;12.5;1783.0;
10.5;14.0;1900.0;
;
bowl;
slope;
no;
10.0;10.0;0.0;
10.5;11.0;116.0;
10.5;11.5;184.0;
9.5;13.0;416.0;
8.5;14.5;650.0;
7.0;14.0;833.0;
6.0;12.5;950.0;
5.5;10.5;1134.0;
6.5;8.5;1366.0;
8.5;9.5;1550.0;
8.5;11.5;1716.0;
;
rightAngle;
spiral;
no;
10.0;8.5;0.0;
10.5;9.5;50.0;
10.5;11.0;114.0;
11.0;13.0;297.0;
10.5;14.5;344.0;
10.0;13.0;465.0;
8.5;11.5;595.0;
7.5;10.0;646.0;
5.5;9.0;764.0;
6.0;11.5;944.0;
6.0;15.5;1064.0;
;
leftAngle;
z;
no;
7.0;8.0;0.0;
7.5;9.0;184.0;
7.5;9.5;250.0;
9.5;11.5;367.0;
11.0;12.0;535.0;
11.0;9.5;781.0;
9.0;9.0;965.0;
7.5;10.5;1135.0;
7.0;12.0;1248.0;
7.5;13.5;1364.0;
9.5;14.5;1499.0;
;
x;
pigtail;
no;
11.0;9.0;0.0;
9.5;8.0;185.0;
8.5;8.0;236.0;
7.3333335;9.5;471.0;
7.5;11.5;719.0;
10.5;12.0;903.0;
9.0;11.5;1254.0;
7.5;12.0;1370.0;
7.0;13.5;1554.0;
8.5;14.5;1787.0;
10.5;14.5;1904.0;
11.5;13.0;2020.0;
;
x;
w;
no;
8.0;8.0;0.0;
9.0;9.5;183.0;
9.5;10.0;250.0;
10.5;11.5;367.0;
12.0;11.0;550.0;
11.0;9.0;834.0;
9.5;9.5;951.0;
9.0;11.5;1073.0;
7.5;12.5;1372.0;
6.0;10.5;1605.0;
7.5;9.5;1907.0;
8.5;11.5;2090.0;
9.5;13.5;2204.0;
11.5;15.0;2324.0;
;
hat;
doubleSlope;
no;
6.0;10.5;0.0;
7.5;10.5;186.0;
8.5;10.5;235.0;
10.5;10.5;369.0;
10.5;12.5;721.0;
11.0;14.5;786.0;
;
pigtail;
hat;
no;
5.0;12.5;0.0;
6.5;12.5;167.0;
7.5;12.5;232.0;
9.5;12.5;350.0;
10.0;11.0;600.0;
10.0;8.5;701.0;
;
doubleSlope;
w;
no;
11.0;9.5;0.0;
10.5;10.5;174.0;
9.5;11.5;291.0;
8.0;12.5;574.0;
6.0;11.5;758.0;
5.5;9.5;943.0;
7.0;8.5;1242.0;
8.5;9.5;1476.0;
10.0;11.5;1607.0;
11.5;13.0;1775.0;
;
slope;
slope;
yes;
10.5;9.0;0.0;
10.5;10.5;116.0;
10.5;11.0;231.0;
10.0;12.5;349.0;
8.5;13.5;652.0;
6.5;12.0;883.0;
6.0;10.5;1004.0;
6.5;8.5;1184.0;
8.5;8.5;1417.0;
8.5;10.5;1600.0;
9.0;12.5;1784.0;
;
x;
spiral;
no;
10.0;9.5;0.0;
10.5;10.5;133.0;
10.5;11.0;183.0;
10.0;12.5;300.0;
8.5;10.5;717.0;
7.5;8.5;834.0;
6.5;11.5;1201.0;
6.5;13.5;1318.0;
;
zigzag;
z;
no;
7.0;9.0;0.0;
8.0;10.5;183.0;
8.5;11.0;250.0;
9.5;12.5;367.0;
11.5;12.0;549.0;
11.0;10.5;717.0;
9.5;9.5;951.0;
8.0;10.5;1132.0;
7.5;12.0;1318.0;
9.5;13.5;1499.0;
10.666667;15.0;1619.0;
;
zigzag;
pigtail;
no;
11.0;10.0;0.0;
10.5;9.0;182.0;
9.5;8.5;235.0;
7.5;8.5;465.0;
6.5;10.5;716.0;
8.0;11.5;1016.0;
10.0;12.5;1182.0;
11.5;12.0;1367.0;
9.5;11.5;1550.0;
7.0;12.0;1782.0;
7.0;14.0;2032.0;
8.5;15.0;2267.0;
10.5;15.0;2382.0;
12.0;14.0;2499.0;
;
doubleSlope;
w;
no;
9.0;7.0;0.0;
8.5;8.5;182.0;
9.5;9.5;233.0;
11.0;10.5;415.0;
10.0;9.0;1016.0;
9.5;10.5;1202.0;
8.5;12.5;1365.0;
7.0;13.0;1534.0;
5.5;11.5;1715.0;
4.5;9.5;1964.0;
6.5;9.5;2148.0;
7.5;11.0;2315.0;
8.5;12.5;2432.0;
9.5;14.0;2548.0;
;
c;
slope;
no;
4.0;10.5;0.0;
5.5;10.5;248.0;
6.5;10.5;300.0;
8.5;10.5;481.0;
9.0;12.0;766.0;
9.5;13.5;848.0;
9.5;15.5;949.0;
;
x;
hat;
no;
4.0;12.5;0.0;
5.5;12.5;185.0;
6.5;12.5;304.0;
8.5;12.5;419.0;
9.0;11.0;771.0;
9.5;9.5;902.0;
;
tab;
bowl;
no;
10.0;8.0;0.0;
9.0;8.5;67.0;
9.5;9.5;134.0;
8.5;11.0;321.0;
8.0;12.5;439.0;
5.5;12.5;671.0;
4.5;10.5;839.0;
4.5;8.5;1089.0;
6.5;8.5;1323.0;
8.5;10.5;1506.0;
8.5;12.5;1556.0;
10.5;14.5;1673.0;
;
x;
slope;
no;
9.0;9.0;0.0;
9.5;10.0;113.0;
9.5;11.0;167.0;
9.0;13.0;463.0;
7.5;14.5;664.0;
6.0;13.5;881.0;
4.5;12.0;997.0;
4.5;9.5;1248.0;
6.0;8.5;1604.0;
7.5;10.0;1837.0;
8.0;11.5;1952.0;
;
z;
spiral;
no;
9.0;8.5;0.0;
9.5;9.5;132.0;
9.0;11.0;250.0;
9.5;12.5;366.0;
8.0;11.5;834.0;
6.5;9.5;968.0;
6.0;11.0;1261.0;
6.5;13.0;1378.0;
6.0;14.5;1562.0;
;
spiral;
z;
no;
5.0;8.0;0.0;
6.0;9.0;181.0;
6.0;10.0;247.0;
8.0;12.0;412.0;
10.0;11.5;647.0;
9.5;10.0;896.0;
8.0;10.5;1082.0;
6.5;11.0;1248.0;
7.0;12.5;1499.0;
8.5;14.5;1666.0;
10.0;15.0;1846.0;
;
slope;
pigtail;
no;
9.5;10.0;0.0;
8.5;9.5;181.0;
8.0;9.0;247.0;
6.5;8.5;347.0;
5.5;10.5;663.0;
7.0;12.5;948.0;
9.0;12.5;1197.0;
7.5;12.0;1414.0;
6.5;14.0;1847.0;
8.5;14.5;2147.0;
10.5;14.5;2264.0;
;
doubleSlope;
w;
no;
6.5;7.5;0.0;
7.0;9.5;116.0;
7.5;10.5;183.0;
9.0;12.5;355.0;
10.0;11.0;655.0;
9.5;9.5;838.0;
8.0;10.5;1022.0;
7.0;12.0;1255.0;
5.5;13.5;1485.0;
4.5;11.5;1673.0;
6.5;12.0;2090.0;
7.5;14.5;2191.0;
;
doubleSlope;
z;
no;
5.5;11.0;0.0;
7.0;11.0;300.0;
7.5;11.0;367.0;
10.0;10.5;535.0;
;
