UserID: 1
leftAngle;
null;
no;
7.0;9.0;0.0;
8.0;9.5;168.0;
9.0;9.0;287.0;
11.0;9.0;421.0;
11.5;10.5;721.0;
11.5;13.0;838.0;
11.0;14.5;888.0;
;
doubleSlope;
hat;
no;
6.0;13.0;0.0;
7.5;13.0;167.0;
8.5;13.0;234.0;
10.0;13.5;417.0;
10.5;11.5;651.0;
10.5;9.5;767.0;
10.5;7.5;885.0;
;
dart;
bowl;
no;
11.0;10.0;0.0;
10.5;11.5;190.0;
10.5;12.5;258.0;
9.0;13.0;493.0;
7.5;12.0;656.0;
6.0;10.5;839.0;
6.5;9.0;1090.0;
8.0;9.5;1256.0;
9.5;11.0;1440.0;
10.0;12.5;1557.0;
11.0;14.0;1675.0;
;
rightAngle;
slope;
no;
10.0;10.0;0.0;
10.5;11.0;50.0;
10.5;11.5;119.0;
10.5;13.5;418.0;
9.0;14.0;768.0;
7.0;13.0;935.0;
6.0;11.5;1066.0;
6.5;9.5;1301.0;
8.5;9.5;1537.0;
8.5;12.0;1767.0;
;
w;
spiral;
no;
10.0;9.0;0.0;
10.5;10.5;117.0;
10.5;12.0;168.0;
10.0;13.5;349.0;
8.5;12.0;717.0;
7.5;10.0;832.0;
6.5;8.5;1067.0;
6.5;10.5;1250.0;
6.5;12.5;1433.0;
;
zigzag;
z;
no;
7.0;8.5;0.0;
7.5;9.5;66.0;
7.5;10.0;134.0;
8.5;11.5;234.0;
10.0;12.0;417.0;
11.0;10.5;717.0;
9.5;10.0;899.0;
8.0;10.5;1135.0;
8.5;12.5;1433.0;
9.5;14.5;1549.0;
;
z;
pigtail;
no;
11.0;11.0;0.0;
10.0;10.0;168.0;
9.5;9.5;219.0;
7.5;10.5;535.0;
8.0;12.0;836.0;
10.0;12.5;1051.0;
8.0;12.5;1651.0;
8.5;14.0;1835.0;
10.0;14.5;2067.0;
11.5;14.0;2318.0;
;
z;
w;
no;
7.5;7.5;0.0;
8.5;8.5;118.0;
8.5;9.0;165.0;
9.0;10.5;282.0;
10.0;12.0;472.0;
11.0;10.5;758.0;
9.5;9.5;1125.0;
8.0;11.5;1408.0;
6.5;12.5;1709.0;
5.5;11.0;1959.0;
7.0;10.0;2322.0;
8.0;11.5;2610.0;
9.0;13.0;2723.0;
9.5;14.5;2840.0;
;
tab;
doubleSlope;
no;
5.0;10.0;0.0;
6.0;10.5;181.0;
7.5;10.0;301.0;
9.0;10.5;766.0;
9.5;12.0;831.0;
;
spiral;
hat;
no;
6.0;13.0;0.0;
8.0;13.0;299.0;
8.5;13.5;367.0;
10.0;13.0;650.0;
10.5;11.0;890.0;
9.5;8.5;1061.0;
;
spiral;
bowl;
no;
10.0;9.0;0.0;
9.5;10.5;183.0;
9.5;11.0;233.0;
9.0;12.5;418.0;
6.5;11.5;701.0;
5.5;9.5;950.0;
7.5;8.5;1185.0;
8.5;10.5;1418.0;
10.0;12.5;1602.0;
11.5;13.0;1768.0;
;
hat;
slope;
no;
10.5;9.5;0.0;
11.0;10.5;50.0;
10.5;12.0;286.0;
10.0;13.5;534.0;
8.0;13.5;769.0;
6.0;12.0;950.0;
5.5;10.5;1139.0;
6.5;9.0;1420.0;
8.5;10.5;1654.0;
9.0;12.0;1954.0;
;
c;
spiral;
no;
10.0;9.0;0.0;
9.5;10.5;184.0;
9.5;11.5;234.0;
9.5;13.5;531.0;
8.5;11.5;718.0;
7.0;9.5;832.0;
5.5;9.0;1018.0;
5.5;11.0;1249.0;
5.5;13.0;1367.0;
;
doubleSlope;
z;
no;
7.0;8.0;0.0;
7.0;9.5;130.0;
7.5;10.0;248.0;
8.5;12.0;416.0;
10.5;11.5;663.0;
9.5;9.5;831.0;
7.5;9.5;1131.0;
6.5;11.0;1315.0;
7.5;12.5;1482.0;
8.5;14.0;1666.0;
10.0;14.5;1849.0;
;
rightAngle;
pigtail;
no;
9.5;9.5;0.0;
8.0;8.5;166.0;
7.0;8.5;233.0;
5.5;9.5;400.0;
6.5;11.5;716.0;
8.0;12.0;950.0;
6.5;11.5;1300.0;
6.0;13.0;1600.0;
7.5;14.5;1901.0;
9.5;14.0;2083.0;
;
z;
w;
no;
7.5;8.5;0.0;
7.5;10.0;168.0;
8.5;10.5;231.0;
10.0;11.0;585.0;
9.5;9.5;885.0;
8.5;11.0;1183.0;
7.5;12.5;1416.0;
6.0;12.0;1650.0;
5.5;10.5;1835.0;
7.0;11.0;2085.0;
8.0;13.5;2318.0;
;
swipe;
z;
no;
5.0;9.0;0.0;
6.5;9.5;300.0;
7.0;10.0;367.0;
9.0;10.0;601.0;
9.0;12.0;902.0;
9.5;13.5;1018.0;
;
w;
hat;
no;
6.0;13.0;0.0;
8.0;13.0;368.0;
8.0;13.0;419.0;
10.5;13.5;549.0;
10.0;12.0;784.0;
10.5;10.0;969.0;
;
x;
bowl;
no;
9.0;10.0;0.0;
8.5;11.5;233.0;
8.5;12.5;284.0;
7.5;14.0;584.0;
5.5;13.5;718.0;
5.0;11.5;886.0;
4.5;10.0;1117.0;
6.5;9.5;1317.0;
7.5;11.0;1485.0;
9.0;12.25;1719.0;
;
doubleSlope;
spiral;
no;
9.0;10.5;0.0;
9.5;11.5;120.0;
9.5;12.0;296.0;
9.5;14.0;530.0;
6.5;13.5;944.0;
5.5;12.0;1060.0;
5.5;10.0;1311.0;
6.0;8.5;1427.0;
7.5;9.5;1661.0;
8.5;11.0;1777.0;
;
swipe;
spiral;
no;
9.0;9.5;0.0;
9.5;10.5;182.0;
9.5;11.0;231.0;
9.0;12.5;598.0;
8.0;10.5;721.0;
6.5;9.0;938.0;
5.5;11.0;1252.0;
6.0;12.5;1422.0;
;
spiral;
z;
no;
6.0;7.5;0.0;
6.5;8.5;118.0;
6.5;9.0;166.0;
7.5;11.0;352.0;
9.0;11.5;536.0;
9.5;10.0;702.0;
8.0;9.0;1002.0;
6.5;10.5;1236.0;
7.5;12.0;1470.0;
9.5;13.5;1719.0;
;
c;
pigtail;
no;
9.0;9.0;0.0;
7.5;8.5;535.0;
7.5;8.5;586.0;
6.0;9.5;836.0;
6.5;11.5;1069.0;
8.0;12.0;1252.0;
6.5;12.5;1969.0;
7.5;14.5;2319.0;
9.5;14.0;2502.0;
;
w;
w;
yes;
7.5;8.0;0.0;
7.5;9.5;118.0;
8.5;10.5;169.0;
10.0;12.0;418.0;
11.0;10.5;768.0;
9.5;10.0;953.0;
8.5;11.5;1185.0;
8.5;13.5;1552.0;
7.0;14.0;1786.0;
6.5;12.5;1953.0;
6.0;11.0;2135.0;
7.5;11.5;2436.0;
8.5;13.0;2617.0;
9.5;15.0;2719.0;
;
