UserID: 1
x;
null;
no;
6.0;11.0;0.0;
7.5;10.5;352.0;
8.0;10.5;406.0;
9.5;11.333333;1063.0;
9.0;13.0;1178.0;
9.5;14.5;1479.0;
9.5;17.0;1661.0;
;
swipe;
hat;
no;
5.0;13.0;0.0;
5.5;14.0;167.0;
6.5;13.5;233.0;
8.5;13.5;601.0;
9.0;12.0;766.0;
9.5;10.5;899.0;
9.5;8.5;1066.0;
;
z;
w;
no;
5.0;13.0;0.0;
6.0;12.5;417.0;
8.5;13.5;533.0;
7.3333335;12.5;598.0;
8.5;11.0;947.0;
8.5;9.0;1134.0;
;
leftAngle;
bowl;
no;
10.0;8.0;0.0;
9.5;9.0;183.0;
9.0;9.5;249.0;
8.5;11.0;783.0;
7.0;11.5;1323.0;
6.5;9.5;1621.0;
8.0;8.5;2203.0;
9.0;10.5;2386.0;
10.5;11.5;2570.0;
10.5;15.0;2737.0;
10.5;13.0;2803.0;
;
leftAngle;
slope;
no;
8.0;10.0;0.0;
7.5;11.0;252.0;
7.0;12.0;417.0;
7.5;13.5;716.0;
6.3333335;11.5;1248.0;
5.0;9.5;1482.0;
6.5;8.5;1965.0;
7.0;10.0;2266.0;
7.5;11.5;2549.0;
;
hat;
z;
no;
8.0;9.0;0.0;
7.5;10.5;234.0;
7.5;11.0;300.0;
8.5;13.0;533.0;
8.0;11.5;1017.0;
5.5;9.5;1185.0;
4.5;8.0;1367.0;
4.5;10.0;1667.0;
4.5;13.0;1784.0;
;
pigtail;
z;
no;
5.0;9.5;0.0;
5.5;10.5;284.0;
5.5;11.0;399.0;
7.5;12.5;767.0;
9.5;11.5;1068.0;
9.0;9.5;1301.0;
6.75;10.0;1718.0;
6.0;12.0;2000.0;
6.5;13.5;2368.0;
;
spiral;
pigtail;
no;
8.5;10.5;0.0;
8.0;9.5;185.0;
8.0;9.0;234.0;
5.0;10.0;717.0;
5.0;12.0;834.0;
6.5;12.5;1118.0;
5.0;13.5;2070.0;
5.5;15.0;2383.0;
7.0;16.0;2566.0;
7.8;14.5;2734.0;
9.2;13.5;2983.0;
9.0;17.0;3090.0;
;
spiral;
bowl;
no;
7.0;7.0;0.0;
6.5;8.0;234.0;
6.5;8.5;301.0;
7.5;9.666667;717.0;
8.5;11.0;966.0;
10.0;10.0;1182.0;
10.0;8.0;1369.0;
8.5;8.5;1783.0;
7.0;10.0;2018.0;
6.5;11.5;2198.0;
5.0;10.5;2799.0;
4.5;8.5;3033.0;
6.0;9.0;3216.0;
7.0;10.5;3452.0;
7.5;12.0;3750.0;
;
z;
doubleSlope;
no;
5.0;11.0;0.0;
6.0;11.5;233.0;
6.5;11.5;367.0;
8.5;12.0;834.0;
9.0;13.5;900.0;
8.5;16.0;1133.0;
;
swipe;
w;
no;
5.0;14.0;0.0;
6.0;13.5;284.0;
6.5;13.5;400.0;
8.5;13.5;583.0;
8.5;11.0;885.0;
8.0;9.0;1118.0;
;
w;
bowl;
no;
9.0;9.0;0.0;
8.5;10.5;301.0;
8.5;10.5;368.0;
8.0;12.5;601.0;
6.3333335;12.5;901.0;
4.5;10.5;1135.0;
4.3333335;8.5;1255.0;
6.0;8.5;1669.0;
7.5;9.0;1970.0;
8.5;11.0;2270.0;
10.0;12.0;2386.0;
10.333333;14.666667;2501.0;
10.5;17.0;2637.0;
;
leftAngle;
slope;
no;
9.333333;17.0;0.0;
;
pigtail;
slope;
no;
8.0;9.5;0.0;
8.5;10.5;365.0;
8.5;11.0;416.0;
8.5;13.0;780.0;
7.5;14.666667;1034.0;
7.0;13.0;1364.0;
5.5;13.333333;1730.0;
6.6666665;10.0;1847.0;
5.0;10.333333;1897.0;
5.0;13.0;1964.0;
6.6666665;8.5;2030.0;
6.5;10.0;2563.0;
7.0;12.0;2798.0;
;
rightAngle;
slope;
no;
9.0;9.0;0.0;
8.5;10.0;168.0;
8.5;11.0;218.0;
9.0;12.5;401.0;
7.5;12.0;1052.0;
5.5;9.5;1252.0;
5.0;11.5;1716.0;
4.5;14.0;1770.0;
6.0;14.75;1836.0;
4.5;15.5;2016.0;
6.0;15.0;2185.0;
;
x;
bowl;
no;
9.0;9.0;0.0;
7.5;8.5;233.0;
7.0;8.5;301.0;
5.0;9.5;601.0;
5.5;11.0;650.0;
6.5;12.5;833.0;
8.5;12.5;1002.0;
7.0;11.5;1486.0;
5.0;12.5;1652.0;
4.5;14.0;1835.0;
4.5;16.0;2018.0;
6.0;16.5;2202.0;
7.5;16.0;2434.0;
;
tab;
w;
no;
6.5;8.5;0.0;
6.5;10.0;350.0;
7.0;10.0;533.0;
7.5;11.5;764.0;
8.0;10.0;931.0;
7.5;12.0;1649.0;
6.3333335;13.0;1949.0;
5.0;12.0;2364.0;
6.5;11.5;2731.0;
7.0;13.5;2964.0;
;
spiral;
z;
no;
4.0;11.5;0.0;
5.3333335;11.5;533.0;
6.5;11.5;584.0;
8.0;13.0;1017.0;
7.5;14.666667;1183.0;
8.0;16.5;1250.0;
;
tab;
hat;
no;
5.0;14.5;0.0;
6.0;14.0;184.0;
7.0;14.5;298.0;
7.3333335;13.0;648.0;
8.5;12.0;718.0;
7.5;10.0;897.0;
7.5;8.0;1249.0;
;
spiral;
bowl;
no;
9.0;9.5;0.0;
8.5;11.5;185.0;
8.5;11.5;234.0;
8.0;13.0;349.0;
6.3333335;13.5;717.0;
4.5;12.0;900.0;
5.0;10.5;1199.0;
7.0;10.5;1598.0;
7.5;12.0;1849.0;
9.0;13.5;2034.0;
;
leftAngle;
spiral;
no;
8.0;9.0;0.0;
8.5;10.5;181.0;
8.5;11.5;249.0;
8.5;13.5;664.0;
6.5;12.5;1015.0;
5.0;11.5;1380.0;
4.5;9.5;1550.0;
6.0;8.5;1964.0;
7.0;10.0;2331.0;
7.5;12.0;2565.0;
;
bowl;
spiral;
no;
7.5;9.0;0.0;
7.5;11.0;382.0;
7.5;12.5;433.0;
7.5;14.5;1016.0;
7.5;12.5;1200.0;
7.0;11.0;1315.0;
6.0;9.5;1616.0;
5.5;11.0;2032.0;
5.5;13.5;2266.0;
;
swipe;
pigtail;
no;
4.5;8.5;0.0;
5.0;9.5;183.0;
5.0;10.5;237.0;
7.0;11.5;534.0;
8.0;9.5;1019.0;
6.75;10.5;1838.0;
5.5;12.0;2088.0;
4.5;13.5;2189.0;
6.0;16.0;2436.0;
7.5;16.5;2553.0;
;
hat;
z;
no;
7.5;8.0;0.0;
6.5;7.5;353.0;
6.0;7.5;465.0;
4.5;9.0;833.0;
5.0;10.5;1066.0;
7.0;10.5;1416.0;
5.5;10.0;2084.0;
5.0;11.5;2200.0;
4.5;13.5;2551.0;
6.5;13.5;2853.0;
8.0;13.0;3150.0;
;
dart;
w;
no;
5.0;8.0;0.0;
5.5;9.0;183.0;
6.0;9.5;234.0;
7.0;11.5;472.0;
8.0;10.0;722.0;
9.0;8.5;904.0;
6.5;9.0;1186.0;
6.5;11.0;1424.0;
5.5;13.0;1670.0;
4.5;11.5;2137.0;
3.5;10.0;2321.0;
5.5;10.5;2488.0;
7.0;11.0;2737.0;
7.5;12.5;2854.0;
;
