UserID: 1
slope;
null;
no;
5.5;10.0;0.0;
7.0;10.0;235.0;
8.0;10.5;369.0;
10.0;10.0;533.0;
10.5;12.0;900.0;
10.0;13.5;950.0;
;
w;
hat;
no;
5.0;14.5;0.0;
6.0;14.0;182.0;
6.5;14.0;250.0;
8.5;14.0;465.0;
9.5;12.5;832.0;
10.0;11.0;948.0;
9.5;9.5;1065.0;
;
c;
bowl;
no;
10.5;10.0;0.0;
10.0;11.0;118.0;
9.5;11.5;166.0;
8.0;13.0;518.0;
6.0;13.0;768.0;
4.5;11.0;935.0;
4.5;8.5;1136.0;
6.5;8.5;1302.0;
8.5;8.5;1534.0;
10.0;10.5;1716.0;
11.0;12.0;1832.0;
12.0;13.5;1951.0;
;
z;
slope;
no;
10.5;10.0;0.0;
10.5;11.5;183.0;
10.5;12.5;252.0;
11.0;14.0;316.0;
9.5;15.5;484.0;
7.5;15.0;666.0;
6.5;13.5;833.0;
5.5;11.5;1017.0;
6.0;9.5;1200.0;
7.5;9.0;1318.0;
9.0;9.5;1501.0;
10.0;11.5;1668.0;
9.5;13.0;1784.0;
;
w;
spiral;
no;
10.0;9.0;0.0;
10.5;10.5;119.0;
10.5;11.0;182.0;
10.0;13.5;299.0;
10.5;15.0;419.0;
9.5;13.5;603.0;
8.5;11.5;653.0;
6.5;10.0;770.0;
6.0;12.5;1187.0;
6.5;14.0;1237.0;
6.5;16.5;1304.0;
;
x;
z;
no;
7.0;8.0;0.0;
6.5;9.5;182.0;
6.5;9.5;233.0;
7.5;11.0;365.0;
9.0;12.5;533.0;
11.0;13.0;784.0;
11.0;10.0;1084.0;
9.5;9.0;1199.0;
7.5;9.5;1385.0;
6.0;10.5;1601.0;
6.5;12.0;1800.0;
6.5;14.5;1965.0;
8.5;15.5;2082.0;
;
pigtail;
pigtail;
yes;
11.0;10.0;0.0;
9.5;9.0;137.0;
9.5;8.5;183.0;
7.5;8.5;421.0;
5.5;9.0;605.0;
5.5;11.5;955.0;
7.5;12.5;1256.0;
9.5;12.5;1556.0;
7.5;12.5;1970.0;
6.0;13.0;2204.0;
5.5;14.5;2387.0;
7.0;15.0;2554.0;
9.0;15.5;2855.0;
10.5;15.0;3106.0;
;
w;
w;
yes;
7.5;8.0;0.0;
8.5;9.5;118.0;
8.5;9.5;170.0;
9.5;11.5;342.0;
11.0;12.0;542.0;
11.0;10.0;878.0;
9.5;9.5;1059.0;
7.5;11.5;1310.0;
7.5;13.5;1544.0;
5.5;13.0;1892.0;
5.0;11.5;2128.0;
5.5;10.0;2379.0;
7.0;9.5;2612.0;
8.5;11.0;2778.0;
9.5;13.0;2958.0;
10.0;14.5;3078.0;
;
slope;
doubleSlope;
no;
5.0;11.0;0.0;
6.5;11.5;169.0;
6.5;11.5;237.0;
8.5;11.5;417.0;
10.0;11.0;650.0;
10.5;12.5;949.0;
10.5;15.5;1067.0;
;
zigzag;
hat;
no;
6.0;13.0;0.0;
7.5;13.0;249.0;
8.0;13.0;366.0;
10.0;13.5;600.0;
11.5;13.0;784.0;
11.0;11.5;1067.0;
11.0;9.5;1251.0;
10.5;8.0;1435.0;
;
swipe;
bowl;
no;
11.0;10.0;0.0;
10.5;11.5;115.0;
9.5;12.0;165.0;
9.0;13.5;416.0;
7.5;14.0;599.0;
6.0;13.0;785.0;
5.5;11.5;898.0;
5.5;9.5;1184.0;
7.5;9.5;1367.0;
9.0;10.5;1616.0;
10.5;12.5;1785.0;
11.0;14.5;1901.0;
12.0;16.0;2015.0;
;
c;
slope;
no;
11.0;10.5;0.0;
11.0;12.0;116.0;
11.5;12.5;185.0;
10.5;14.5;285.0;
9.0;15.5;649.0;
7.5;14.0;835.0;
7.0;12.5;1067.0;
7.0;10.5;1235.0;
8.0;9.0;1485.0;
9.5;9.5;1715.0;
10.0;11.0;1835.0;
9.5;12.5;1949.0;
;
leftAngle;
spiral;
no;
11.0;10.0;0.0;
10.5;11.5;118.0;
10.5;12.5;182.0;
10.5;14.5;299.0;
9.5;12.5;717.0;
7.5;10.5;835.0;
6.5;13.5;1492.0;
6.5;15.5;1608.0;
;
x;
z;
no;
7.0;9.0;0.0;
7.5;10.5;115.0;
7.5;11.0;182.0;
8.5;12.5;299.0;
10.5;14.0;482.0;
11.0;11.0;832.0;
9.5;11.5;1066.0;
7.5;11.5;1433.0;
7.5;13.5;1732.0;
8.5;15.5;2018.0;
10.5;16.5;2200.0;
;
dart;
pigtail;
no;
11.0;11.5;0.0;
10.0;10.5;184.0;
9.5;10.0;251.0;
8.0;9.5;414.0;
6.5;10.0;598.0;
5.5;11.5;784.0;
7.5;12.5;1013.0;
9.5;12.5;1318.0;
6.5;13.0;1970.0;
7.0;14.5;2253.0;
8.5;15.5;2434.0;
10.5;15.5;2617.0;
;
hat;
w;
no;
8.0;8.5;0.0;
7.5;9.5;65.0;
8.5;10.5;182.0;
9.5;12.5;299.0;
11.0;13.0;414.0;
11.0;10.0;832.0;
9.5;9.5;1015.0;
8.5;11.5;1249.0;
8.0;13.0;1482.0;
6.5;12.5;1849.0;
6.5;10.5;2250.0;
8.5;10.5;2618.0;
9.0;12.0;2797.0;
10.5;13.5;2914.0;
11.5;15.5;3032.0;
;
hat;
pigtail;
no;
5.0;10.0;0.0;
6.5;10.0;417.0;
7.0;10.5;482.0;
8.5;10.0;584.0;
10.5;10.5;767.0;
9.5;12.5;1183.0;
9.5;14.5;1250.0;
;
swipe;
hat;
no;
5.0;14.0;0.0;
6.0;13.5;357.0;
7.5;13.5;424.0;
9.5;13.5;538.0;
10.5;11.5;1007.0;
10.0;10.0;1072.0;
;
leftAngle;
bowl;
no;
11.0;10.5;0.0;
10.5;11.5;116.0;
10.5;12.0;233.0;
9.5;13.5;366.0;
7.5;13.5;650.0;
6.5;11.5;833.0;
5.5;10.0;1017.0;
6.5;8.5;1300.0;
8.5;8.5;1617.0;
9.5;10.5;1900.0;
10.5;12.5;2151.0;
12.0;15.0;2315.0;
;
rightAngle;
slope;
no;
11.0;10.0;0.0;
10.5;11.5;166.0;
11.0;12.0;232.0;
10.5;13.5;416.0;
9.5;15.0;649.0;
7.5;14.5;900.0;
5.5;12.5;1118.0;
5.5;10.5;1301.0;
7.0;9.5;1552.0;
8.5;10.5;1966.0;
9.5;12.5;2082.0;
;
c;
spiral;
no;
10.0;9.0;0.0;
10.0;10.5;184.0;
9.5;11.5;250.0;
9.5;14.0;418.0;
8.5;12.5;835.0;
7.5;10.5;1018.0;
6.0;9.5;1251.0;
6.5;11.5;1485.0;
6.5;14.0;1604.0;
;
rightAngle;
z;
no;
7.0;8.0;0.0;
7.5;9.5;166.0;
7.5;10.5;234.0;
8.5;12.5;400.0;
10.0;13.0;584.0;
11.5;12.5;766.0;
11.0;10.0;1051.0;
9.5;9.0;1167.0;
7.5;10.0;1418.0;
6.0;11.0;1650.0;
6.5;12.5;1823.0;
7.5;15.0;2007.0;
9.0;16.0;2141.0;
;
doubleSlope;
pigtail;
no;
10.0;11.0;0.0;
9.0;9.5;235.0;
8.5;9.5;301.0;
6.5;9.5;583.0;
5.0;11.0;834.0;
6.0;13.0;1018.0;
7.5;13.5;1134.0;
9.5;13.5;1368.0;
8.0;13.0;1901.0;
7.5;14.5;2085.0;
8.5;16.0;2385.0;
10.0;15.5;2553.0;
11.5;15.0;2850.0;
;
leftAngle;
w;
no;
7.5;8.0;0.0;
8.5;9.5;117.0;
8.5;9.5;168.0;
9.5;11.5;285.0;
11.5;12.0;520.0;
11.0;9.0;934.0;
9.5;9.5;1118.0;
8.5;11.5;1352.0;
8.0;13.5;1535.0;
6.5;13.0;1768.0;
5.5;11.5;1951.0;
7.5;10.5;2251.0;
9.0;11.5;2484.0;
9.5;13.5;2603.0;
10.5;15.5;2717.0;
;
