UserID: 1
0000010000000000000010000000;27385
0000011000000000000010000000;27453
0000001000000000000010000000;27519
0000001100000000000110000000;27624
0000000110000000000110000000;27625
0000000011000000000110000000;27700
0000000001000000000110000000;27751
0000000001000000000110000000;27800
0000000001000000000110000000;27866
0000000001000000000110000000;27917
0000000001000000000110000000;28001
0000000001000000000110000000;28034
0000000001000000000111000000;28102
0000000001000000000111000000;28166
0000000001000000000101000000;28217
0000000001000000000100010000;28282
0000000001000000000100110000;28348
0000000001000000000100010000;28401
0000000001000000000000010000;28467
0000000001000000000000010000;28517
0000000001000000000000010000;28583
0000000000000000000000000000;28651
0000000000000000000000000000;28698
0000000000000000000000000000;28769
0000000000000000000000000000;28818
0000000000000000000000000000;28865
0000000000000000000000000000;28948
0000000000000000000000000000;28998
0000000000000000000000000000;29048
0000000000000000000000000000;29116
0000000000000000000000000000;29166
0000000000000000000000000000;29232
0000000000000000000000000000;29282
0000000000000000000000000000;29348
;
0000011000000000000001100000;32803
0000001000000000000001100000;32868
0000000100000000000001100000;32922
0000000010000000000001100000;32985
0000000011000000000001100000;33035
0000000001000000000001100000;33102
0000000001100000000001100000;33153
0000000001100000000001100000;33217
0000000001100000000001100000;33268
0000000001100000000001100000;33334
0000000001100000000001100000;33402
0000000001100000000001000000;33453
0000000001000000000010000000;33518
0000000001000000000110000000;33585
0000000011000000001100000000;33635
0000000001000000001100000000;33686
0000000001000000011100000000;33753
0000000001000000011100000000;33802
0000000001000000011100000000;33869
0000000001000000001100000000;33936
0000000000000000000000000000;33985
0000000000000000000000000000;34053
0000000000000000000000000000;34102
0000000000000000000000000000;34169
0000000000000000000000000000;34219
0000000000000000000000000000;34286
0000000000000000000000000000;34353
0000000000000000000000000000;34404
0000000000000000000000000000;34471
0000000000000000000000000000;34536
0000000000000000000000000000;34585
0000000000000000000000000000;34652
0000000000000000000000000000;34701
0000000000000000000000000000;34768
;
0000001000000000000001100000;39632
0000001100000000000001100000;39697
0000000100000000000001100000;39764
0000000110000000000001000000;39814
0000000110000000000001100000;39882
0000000011000000000001100000;39932
0000000001100000000001100000;39997
0000000001100000000001100000;40064
0000000000100000000001100000;40114
0000000000100000000001000000;40166
0000000000100000000001000000;40233
0000000000100000000001000000;40299
0000000000100000000001000000;40349
0000000000100000000001000000;40416
0000000000100000000001000000;40466
0000000000100000000011000000;40533
0000000000100000000011000000;40583
0000000000100000000010000000;40649
0000000001100000000110000000;40700
0000000000100000001100000000;40765
0000000000100010011100000000;40833
0000000000100010011101000000;40885
0000000000100010011001000000;40950
0000000000100010011001000000;41005
0000000000100010011000000000;41072
0000000000000000000000000000;41117
0000000000000000000000000000;41185
0000000000000000000000000000;41252
0000000000000000000000000000;41302
0000000000000000000000000000;41352
0000000000000000000000000000;41421
0000000000000000000000000000;41484
0000000000000000000000000000;41535
0000000000000000000000000000;41600
;
0000000000010000000100000000;44452
0000000000110000000100000000;44518
0000000000100000000100000000;44569
0000000000100000000110000000;44637
0000000000100000000011000000;44704
0000000000100000000001000000;44751
0000000001100000000001100000;44819
0000000001000000000001100000;44868
0000000001000000000000100000;44935
0000000010000000000000100000;45003
0000000010000000000000100000;45055
0000000100000000000001100000;45103
0000000100000000000001100000;45170
0000001100000000000001000000;45220
0000001000000000000001000000;45285
0000001000000000000011000000;45354
0000011000000000000010000000;45402
0000001000000000000110000000;45468
0000001100000000000110000000;45519
0000001100000000000110000000;45584
0000000100000000000110000000;45637
0000000110000000000100000000;45703
0000000110000000000110000000;45771
0000000011000000000110000000;45819
0000000011000000000110000000;45885
0000000011000000000110000000;45938
0000000001000000000110000000;46004
0000000001100000000011000000;46072
0000000000100000000001000000;46119
0000000000110000000001000000;46185
0000000000110000000001100000;46235
0000000000010000000000100000;46305
0000000000010000000000110000;46353
0000000000011000000000110000;46418
0000000000011000000000110000;46468
0000000000001000000000000000;46535
0000000000000000000000000000;46604
;
0000000000011000000100000000;48618
0000000000011000000110000000;48668
0000000000010000000010000000;48735
0000000000010000000010000000;48802
0000000000010000000011000000;48852
0000000000010000000001000000;48919
0000000000100000000000000000;48969
0000000000100000000000100000;49037
0000000001100000000000100000;49104
0000000001000000000000110000;49154
0000000001000000000000100000;49219
0000000010000000000000110000;49269
0000000010000000000000100000;49336
0000000110000000000000100000;49387
0000000100000000000001000000;49453
0000001100000000000001000000;49502
0000001100000000000001000000;49572
0000001000000000000011000000;49620
0000001000000000000010000000;49686
0000001000000000000110000000;49753
0000001100000000000100000000;49803
0000001100000000001100000000;49869
0000000100000000001100000000;49936
0000000110000000001100000000;49987
0000000010000000001100000000;50053
0000000011000000001100000000;50104
0000000011000000001100000000;50171
0000000011000000001100000000;50221
0000000011000000000100000000;50288
0000000011000000000110000000;50354
0000000001000000000111000000;50404
0000000001000000000111000000;50471
0000000001000000000111000000;50521
0000000001000000000111000000;50570
0000000000000000000000000000;50637
;
0000000000100000001100000000;52425
0000000000100000000100000000;52474
0000000000100000000110000000;52542
0000000000100000000110000000;52608
0000000000100000000011000000;52658
0000000000100000000001000000;52724
0000000000100000000000110000;52774
0000000000100000000000100000;52842
0000000001100000000000100000;52908
0000000001100000000000100000;52958
0000000000100000000000100000;53026
0000000001000000000000100000;53075
0000000001000000000000100000;53141
0000000001000000000001000000;53209
0000000010000000000001000000;53259
0000000110000000000110000000;53308
0000000110000000000100000000;53376
0000001100000000001100000000;53426
0000001100000000001100000000;53490
0000001100000000001100000000;53560
0000001100000000001100000000;53609
0000001100000000001100000000;53676
0000001100000000001100000000;53743
0000001100000000000110000000;53792
0000001000000000000111000000;53860
0000001100000000000011100000;53910
0000001100000000000000110000;53977
0000000100000000000000010000;54027
0000000100000000000000010000;54090
0000000100000000000000000000;54161
0000000000000000000000000000;54210
0000000000000000000000000000;54274
0000000000000000000000000000;54323
0000000000000000000000000000;54394
;
0000010000000000001000000000;56280
0000010000000000001000000000;56347
0000011000000000000100000000;56415
0000001000000000000110000000;56464
0000001100000000000110000000;56530
0000001100000000000110000000;56580
0000000100000000000011000000;56647
0000000110000000000011000000;56715
0000000010000000000001000000;56765
0000000001000000000001000000;56830
0000000001000000000001000000;56882
0000000001100000000001000000;56948
0000000000100000000010000000;56998
0000000001100000000110000000;57063
0000000001000000000110000000;57115
0000000001000000000110000000;57179
0000000011000000000100000000;57232
0000000011000000000110000000;57296
0000000111000000000110000000;57366
0000000111000000000100000000;57416
0000000100000000000110000000;57482
0000000100000000000110000000;57547
0000001100000000000110000000;57596
0000001100000000000110000000;57662
0000001100000000000010000000;57711
0000001100000000000010000000;57778
0000001100000000000011000000;57831
0000001100000000000001000000;57896
0000000100000000000001100000;57963
0000000110000000000001100000;58013
0000000110000000000001110000;58082
0000000111000000000000010000;58132
0000000011000000000000010000;58199
0000000011000000000000011000;58245
0000000001100000000000011000;58312
0000000000100000000000001000;58362
0000000000100000000000000000;58429
0000000000000000000000000000;58481
;
0000000000100000000100000000;60096
0000000000100000000100000000;60163
0000000001100000000100000000;60215
0000000011000000001100000000;60262
0000000010000000001100000000;60332
0000000110000000001100000000;60382
0000000100000000001100000000;60446
0000001100000000001100000000;60513
0000001000000000001100000000;60563
0000001000000000000110000000;60630
0000001000000000000110000000;60697
0000001100000000000011000000;60746
0000000100000000000011000000;60812
0000000110000000000011000000;60863
0000000010000000000001000000;60929
0000000011000000000001000000;60996
0000000001000000000001000000;61045
0000000001000000000001000000;61097
0000000001100000000001000000;61163
0000000001100000000001000000;61214
0000000001000000000001000000;61280
0000000011000000000001000000;61346
0000000011000000000001000000;61396
0000000110000000000001000000;61463
0000000100000000000001000000;61513
0000000100000000000001000000;61582
0000001100000000000001000000;61630
0000000100000000000001100000;61697
0000000100000000000001010000;61764
0000000100000000000000010000;61814
0000000100000000000000000000;61881
0000000000000000000000001000;61948
0000000000000000000000000000;61998
0000000000000000000000001000;62047
0000000001000000000000001000;62113
0000000001000000000000011000;62164
0000000001000000000000010000;62232
0000000001000000000000010000;62298
0000000001100000000000010000;62365
0000000001100000000000010000;62413
0000000001100000000000010000;62466
0000000001100000000000010000;62547
0000000001100000000000000000;62596
0000000000000000000000000000;62648
;
0000000001000000001100000000;69130
0000000011000000001100000000;69198
0000000111000000001100000000;69247
0000000100000000001100000000;69314
0000001000000000001100000000;69381
0000011000000000001100000000;69430
0000011000000000001100000000;69497
0000011000000000001110000000;69547
0000011000000000000110000000;69597
0000001000000000000110000000;69664
0000001100000000000011000000;69731
0000000110000000000011000000;69781
0000000010000000000001000000;69847
0000000011000000000001000000;69898
0000000001100000000001000000;69964
0000000001100000000001000000;70031
0000000001100000000001000000;70081
0000000011000000000001000000;70148
0000000011000000000001000000;70214
0000000110000000000001000000;70265
0000000100000000000001000000;70331
0000001100000000000001000000;70382
0000001000000000000001000000;70434
0000011000000000000001000000;70498
0000000000000000000000000000;70548
0000001000000000000000100000;70613
0000001000000000000000110000;70681
0000001000000000000000110000;70730
0000001100000000000000010000;70797
0000000100000000000000010000;70864
0000000100000000000000010000;70914
0000000010000000000000010000;70980
0000000010000000000000010000;71030
0000000011000000000000010000;71098
0000000001100000000000010000;71147
0000000001100000000000010000;71213
0000000000110000000000010000;71280
0000000000010000000000010000;71334
0000000000100000000000000000;71397
0000000000000000000000000000;71448
;
0000000100000000001100000000;74431
0000000100000000001000000000;74498
0000000100000000001100000000;74531
0000000100000000001100000000;74598
0000000100000000001100000000;74665
0000000100000000001100000000;74731
0000000100000000001100000000;74781
0000000110000000001100000000;74830
0000000110000000000110000000;74898
0000000010000000000010000000;74948
0000000011000000000011000000;75014
0000000001000000000001000000;75083
0000000001100000000001000000;75131
0000000000100000000001000000;75198
0000000000110000000001000000;75264
0000000000010000000001000000;75315
0000000000000000000000000000;75381
0000000000000000000000000000;75447
0000000000000000000000000000;75497
0000000000000000000000000000;75551
0000000000000000000000000000;75601
0000000000010000000010000000;75665
0000000000010000000110000000;75731
0000000000110000000100000000;75802
0000000001100000000110000000;75848
0000000001100000000110000000;75914
0000000001000000000010000000;75964
0000000001000000000001000000;76031
0000000011000000000001000000;76081
0000000011000000000001100000;76149
0000000011000000000000100000;76214
0000000010000000000000110000;76267
0000000010000000000000010000;76332
0000000100000000000000010000;76401
0000000100000000000000000000;76448
0000000000000000000000110000;76515
0000001000000000000000100000;76565
0000011000000000000000100000;76631
0000000000000000000001000000;76681
0000011000000000000001000000;76748
0000001000000000000001000000;76798
0000001100000000000001000000;76850
0000001100000000000001000000;76914
0000000110000000000001000000;76982
0000000110000000000001000000;77032
0000000110000000000001000000;77101
0000000011000000000000100000;77167
0000000001000000000000110000;77217
0000000001100000000000110000;77283
0000000001100000000000110000;77332
0000000001100000000000110000;77401
0000000001100000000000110000;77451
0000000000100000000000000000;77517
0000000000000000000000000000;77566
;
0000010000000000000010000000;82450
0000011000000000000010000000;82518
0000001000000000000010000000;82569
0000000100000000000010000000;82636
0000000110000000000010000000;82686
0000000011000000000110000000;82735
0000000001100000000110000000;82819
0000000000100000000110000000;82867
0000000000100000000110000000;82917
0000000001100000000110000000;82986
0000000000100000000110000000;83051
0000000001100000000110000000;83103
0000000001100000000110000000;83167
0000000001100000000010000000;83217
0000000001100000000110000000;83286
0000000001100000000111000000;83351
0000000000100000000001100000;83418
0000000000100000000000010000;83467
0000000000010000000000001000;83537
0000000000000000000000000000;83586
0000000000000000000000000000;83636
0000000000000000000000000000;83701
0000000000000000000000000000;83750
0000000000000000000000000000;83818
0000000000000000000000000000;83868
0000000000000000000000000000;83936
0000000000000000000000000000;84001
0000000000000000000000000000;84050
0000000000000000000000000000;84118
0000000000000000000000000000;84186
0000000000000000000000000000;84236
0000000000000000000000000000;84301
0000000000000000000000000000;84351
0000000000000000000000000000;84418
;
0000010000000000000000100000;107307
0000010000000000000000100000;107358
0000011000000000000000100000;107424
0000001100000000000000100000;107474
0000000100000000000000100000;107542
0000000010000000000000100000;107608
0000000011000000000000100000;107660
0000000001100000000000100000;107725
0000000000100000000000100000;107791
0000000000100000000000100000;107841
0000000000100000000000100000;107908
0000000000100000000001000000;107957
0000000000100000000001000000;108024
0000000000100000000011000000;108074
0000000000100000000011000000;108140
0000000001100000000110000000;108207
0000000001100000000111000000;108258
0000000001100000001110000000;108325
0000000001100000001100000000;108375
0000000001100000011100000000;108441
0000000000100000011000000000;108494
0000000000000000000000000000;108558
0000000000000000000000000000;108609
0000000000000000000000000000;108676
0000000000000000000000000000;108743
0000000000000000000000000000;108791
0000000000000000000000000000;108858
0000000000000000000000000000;108909
0000000000000000000000000000;108975
0000000000000000000000000000;109042
0000000000000000000000000000;109093
0000000000000000000000000000;109143
0000000000000000000000000000;109208
0000000000000000000000000000;109260
;
0000000000001000000100000000;111408
0000000000011000000100000000;111460
0000000000010000000110000000;111525
0000000000010000000010000000;111591
0000000000010000000010000000;111641
0000000000100000000001000000;111708
0000000000100000000001000000;111757
0000000000100000000001100000;111824
0000000001000000000000100000;111891
0000000001000000000000100000;111941
0000000011000000000000100000;112008
0000000010000000000000100000;112075
0000000110000000000000100000;112125
0000000100000000000001000000;112192
0000000100000000000001000000;112241
0000001100000000000011000000;112307
0000001100000000000011000000;112360
0000001100000000000111000000;112424
0000000100000000000111000000;112475
0000000100000000000110000000;112541
0000000110000000000111000000;112592
0000000110000000000110000000;112661
0000000010000000000110000000;112707
0000000011000000000110000000;112774
0000000011000000000110000000;112841
0000000011000000000110000000;112891
0000000011000000000110000000;112958
0000000001000000000110000000;113009
0000000001000000000110000000;113075
0000000001100000000010000000;113142
0000000001100000000011000000;113195
0000000000100000000001000000;113258
0000000000100000000001000000;113309
0000000000110000000001100000;113375
0000000000110000000000100000;113425
0000000000010000000000100000;113492
0000000000010000000000110000;113542
0000000000001000000000010000;113609
0000000000001000000000010000;113659
0000000000001000000000010000;113725
0000000000001000000000010000;113792
0000000000001000000000010000;113841
0000000000000000000000000000;113909
;
0000000000010000000110000000;115739
0000000000010000000010000000;115807
0000000000010000000011000000;115873
0000000000110000000001000000;115923
0000000000110000000001100000;115989
0000000000110000000001100000;116040
0000000000100000000001100000;116107
0000000001100000000000100000;116172
0000000001000000000000110000;116222
0000000001000000000000110000;116289
0000000010000000000000100000;116357
0000000100000000000000100000;116408
0000000100000000000000100000;116458
0000001100000000000001100000;116522
0000001100000000000001000000;116589
0000001000000000000001000000;116639
0000001000000000000001000000;116708
0000001000000000000011000000;116758
0000001100000000000010000000;116807
0000001100000000000110000000;116872
0000001100000000000100000000;116942
0000001100000000000100000000;116990
0000000100000000001100000000;117057
0000000010000000001100000000;117123
0000000011000000001100000000;117172
0000000011000000001100000000;117240
0000000001000000001100000000;117308
0000000001000000001100000000;117357
0000000011000000001100000000;117423
0000000011000000000110000000;117473
0000000001000000000110000000;117523
0000000001100000000111000000;117608
0000000001000000000111000000;117641
0000000001100000000001000000;117708
0000000001000000000001000000;117774
0000000001100000000001000000;117840
0000000000000000000000000000;117889
;
0000000000010000000100000000;119739
0000000000010000000110000000;119792
0000000000010000000010000000;119858
0000000000010000000011000000;119908
0000000000010000000011000000;119972
0000000000011000000001100000;120022
0000000000010000000001100000;120089
0000000000010000000000100000;120158
0000000000010000000000100000;120206
0000000000010000000000100000;120272
0000000000110000000001000000;120339
0000000000100000000010000000;120389
0000000001000000000110000000;120457
0000000001000000000100000000;120507
0000000011000000001100000000;120557
0000000110000000001000000000;120622
0000000110000000001000000000;120689
0000000100000000001000000000;120757
0000000100000000001100000000;120807
0000000100000000001100000000;120874
0000000110000000001100000000;120922
0000000110000000001100000000;120972
0000000110000000000111000000;121040
0000000110000000000011100000;121107
0000000110000000000000110000;121157
0000000110000000000100110000;121223
0000000010000000000000110000;121273
0000000000000000000000000000;121339
0000000000000000000000000000;121407
0000000000000000000000000000;121457
0000000000000000000000000000;121524
0000000000000000000000000000;121590
0000000000000000000000000000;121640
0000000000000000000000000000;121690
;
0000001100000000001100000000;123357
0000000100000000001100000000;123424
0000000110000000001100000000;123492
0000000110000000000110000000;123542
0000000010000000000110000000;123609
0000000011000000000110000000;123659
0000000001000000000011000000;123725
0000000001100000000001000000;123776
0000000000100000000001000000;123842
0000000000110000000001000000;123893
0000000000110000000001000000;123959
0000000000110000000001000000;124008
0000000000010000000011000000;124076
0000000000010000000010000000;124142
0000000000010000000010000000;124189
0000000000010000000110000000;124260
0000000000010000000110000000;124307
0000000000110000000100000000;124373
0000000000100000000100000000;124423
0000000001110000000100000000;124490
0000000001000000000100000000;124557
0000000011000000000100000000;124608
0000000011000000000100000000;124674
0000000010000000000110000000;124726
0000000110000000000110000000;124790
0000000110000000000110000000;124858
0000000110000000000110000000;124910
0000000110000000000111000000;124958
0000000110000000000111000000;125024
0000000110000000000001000000;125090
0000000010000000000001100000;125140
0000000010000000000000110000;125207
0000000011000000000000110000;125274
0000000011000000000000110000;125323
0000000001100000000000110000;125375
0000000001100000000000010000;125439
0000000000100000000000011000;125508
0000000000100000000000010000;125558
0000000000000000000000010000;125623
0000000000000000000000000000;125690
;
0000000000110000000100000000;127525
0000000000100000000100000000;127592
0000000000100000001100000000;127640
0000000001100000001000000000;127693
0000000001000000001000000000;127757
0000000011000000001000000000;127822
0000000110000000001000000000;127889
0000000100000000001000000000;127940
0000001100000000001100000000;127990
0000011000000000001100000000;128057
0000011000000000001100000000;128124
0000011000000000001100000000;128173
0000011000000000001100000000;128240
0000011000000000000100000000;128291
0000001000000000000100000000;128358
0000001000000000000110000000;128408
0000001100000000000110000000;128490
0000000100000000000110000000;128540
0000000110000000000010000000;128591
0000000010000000000011000000;128657
0000000011000000000011000000;128708
0000000011100000000011000000;128774
0000000001100000000011000000;128842
0000000001100000000011000000;128892
0000000001100000000011000000;128941
0000000001000000000011000000;129008
0000000001000000000010000000;129059
0000000011000000000010000000;129125
0000000010000000000010000000;129192
0000000110000000000010000000;129241
0000000100000000000010000000;129308
0000001100000000000010000000;129357
0000001000000000000011000000;129423
0000001000000000000001000000;129490
0000001000000000000001000000;129540
0000001000000000000000100000;129609
0000001100000000000000100000;129673
0000000100000000000000100000;129727
0000000100000000000000100000;129792
0000000110000000000000110000;129843
0000000010000000000000110000;129893
0000000011000000000000110000;129957
0000000001000000000000110000;130026
0000000011000000000000110000;130074
0000000001100000000000100000;130140
0000000000110000000000100000;130207
0000000000010000000000100000;130257
0000000000010000000000100000;130307
0000000000010000000000100000;130390
0000000000000000000000000000;130441
;
0000000010000000010000000000;134242
0000000010000000010000000000;134293
0000000010000000011000000000;134359
0000000010000000001000000000;134427
0000000010000000001100000000;134477
0000000010000000001100000000;134543
0000000011000000000100000000;134593
0000000001000000000010000000;134660
0000000000100000000011000000;134726
0000000000110000000001000000;134774
0000000000110000000001000000;134843
0000000000010000000001000000;134910
0000000000010000000001000000;134961
0000000000001000000000000000;135027
0000000000000000000000000000;135074
0000000000000000000000000000;135144
0000000000000000000000000000;135194
0000000000000000000000000000;135257
0000000000001000000100000000;135307
0000000000010000000100000000;135374
0000000000000000001000000000;135424
0000000000010000001000000000;135495
0000000000100000001000000000;135559
0000000001100000001000000000;135608
0000000001000000001100000000;135673
0000000011000000001100000000;135724
0000000011000000000100000000;135790
0000000011000000000100000000;135841
0000000011000000000110000000;135907
0000000011000000000110000000;135975
0000000010000000000001000000;136024
0000000010000000000101000000;136090
0000000010000000000001100000;136142
0000000010000000000000100000;136209
0000000110000000000000110000;136275
0000000100000000000000010000;136358
0000000100000000000000010000;136391
0000000100000000000000010000;136440
0000001000000000000000010000;136493
0000011000000000000000010000;136557
0000011000000000000000010000;136624
0000010000000000000000100000;136674
0000010000000000000000100000;136741
0000110000000000000000100000;136808
0000100000000000000000000000;136864
0000010000000000000001000000;136914
0000010000000000000001000000;136981
0000010000000000000001000000;137031
0000010000000000000001000000;137097
0000011000000000000011000000;137148
0000001000000000000011000000;137214
0000001000000000000001000000;137281
0000001100000000000001000000;137331
0000000100000000000001100000;137399
0000000110000000000001100000;137465
0000000110000000000000100000;137515
0000000011000000000000110000;137582
0000000011000000000000010000;137632
0000000001100000000000010000;137698
0000000001100000000000011000;137749
0000000001100000000000011000;137815
0000000001000000000000010000;137881
0000000000000000000000000000;137932
;
0000001000000000000110000000;141383
0000001100000000000010000000;141434
0000000100000000000110000000;141501
0000000110000000000010000000;141567
0000000011000000000110000000;141617
0000000011000000000110000000;141684
0000000000110000000010000000;141734
0000000000010000000010000000;141800
0000000000010000000010000000;141851
0000000000010000000110000000;141919
0000000000010000000110000000;141967
0000000000010000000110000000;142034
0000000000110000000010000000;142085
0000000000110000000010000000;142151
0000000000110000000010000000;142200
0000000000110000000011000000;142267
0000000000110000000011000000;142334
0000000000110000000001000000;142384
0000000000110000000001000000;142450
0000000000110000000001100000;142518
0000000000110000000001100000;142568
0000000000110000000001010000;142634
0000000000100000000001000000;142686
0000000000100000000000001000;142751
0000000000000000000000000000;142817
0000000000000000000000000000;142868
0000000000000000000000000000;142918
0000000000000000000000000000;142985
0000000000000000000000000000;143033
0000000000000000000000000000;143101
0000000000000000000000000000;143168
0000000000000000000000000000;143217
0000000000000000000000000000;143283
0000000000000000000000000000;143334
;
0000011000000000000000100000;146969
0000001000000000000000100000;147037
0000000100000000000000100000;147088
0000000110000000000000100000;147137
0000000011000000000000100000;147206
0000000001000000000000110000;147271
0000000001100000000000100000;147318
0000000001100000000000100000;147385
0000000001100000000000100000;147439
0000000001100000000000100000;147503
0000000001100000000001100000;147571
0000000001100000000001100000;147620
0000000001100000000001000000;147686
0000000001100000000111000000;147755
0000000001100000000110000000;147803
0000000001100000000110000000;147857
0000000001100000000111000000;147921
0000000001000000001110000000;147970
0000000001000000001110000000;148036
0000000001000000001100000000;148103
0000000001000000001100000000;148152
0000000000000000000000000000;148220
0000000000000000000000000000;148270
0000000000000000000000000000;148337
0000000000000000000000000000;148402
0000000000000000000000000000;148452
0000000000000000000000000000;148519
0000000000000000000000000000;148569
0000000000000000000000000000;148636
0000000000000000000000000000;148702
0000000000000000000000000000;148753
0000000000000000000000000000;148819
0000000000000000000000000000;148869
0000000000000000000000000000;148936
;
0000000000010000000100000000;152156
0000000000010000000100000000;152205
0000000000010000000100000000;152255
0000000000110000000100000000;152322
0000000000110000000100000000;152372
0000000000100000000110000000;152439
0000000000100000000110000000;152503
0000000000100000000010000000;152556
0000000000100000000001000000;152622
0000000001100000000001000000;152672
0000000001000000000001000000;152739
0000000011000000000001100000;152806
0000000010000000000000100000;152857
0000000100000000000000100000;152907
0000001100000000000000100000;152970
0000001000000000000000100000;153040
0000001000000000000001000000;153106
0000011000000000000001000000;153157
0000010000000000000011000000;153223
0000010000000000000011000000;153270
0000010000000000000010000000;153338
0000010000000000000110000000;153386
0000011000000000000110000000;153456
0000011000000000001110000000;153506
0000011000000000001100000000;153571
0000001000000000001100000000;153621
0000001100000000001100000000;153688
0000001100000000001100000000;153756
0000000100000000001100000000;153806
0000000100000000001100000000;153870
0000000100000000001100000000;153936
0000000110000000000100000000;153988
0000000010000000000110000000;154038
0000000011000000000110000000;154106
0000000011000000000111000000;154156
0000000001100000000001000000;154220
0000000000100000000001000000;154271
0000000000110000000001100000;154337
0000000000110000000001110000;154407
0000000000111000000001110000;154456
0000000000111000000000110000;154522
0000000000111000000001010000;154589
0000000000010000000000000000;154640
0000000000000000000000000000;154706
;
0000000000010000000100000000;157141
0000000000011000000110000000;157190
0000000000010000000010000000;157278
0000000000010000000010000000;157314
0000000000010000000011000000;157378
0000000000010000000001100000;157430
0000000000010000000000100000;157497
0000000000110000000000100000;157564
0000000000100000000000100000;157612
0000000001000000000000110000;157681
0000000011000000000000110000;157731
0000000010000000000000100000;157797
0000000100000000000000100000;157848
0000000100000000000001100000;157914
0000000100000000000001000000;157962
0000001000000000000010000000;158031
0000001000000000000110000000;158082
0000001000000000000110000000;158148
0000001000000000001100000000;158212
0000001100000000001100000000;158261
0000001100000000001000000000;158329
0000000100000000001000000000;158378
0000000010000000001000000000;158445
0000000010000000001000000000;158497
0000000010000000001100000000;158566
0000000011000000001100000000;158616
0000000011000000000100000000;158682
0000000011000000000110000000;158733
0000000011000000000110000000;158800
0000000011000000000110000000;158850
0000000011000000000111000000;158916
0000000011000000000111000000;158983
0000000011000000000001000000;159033
0000000000000000000000000000;159100
;
0000000000100000001100000000;160766
0000000000100000000100000000;160831
0000000000110000000100000000;160881
0000000000110000000100000000;160931
0000000000110000000100000000;160998
0000000000110000000110000000;161065
0000000000110000000001000000;161131
0000000000110000000001100000;161180
0000000000110000000000100000;161231
0000000000010000000000110000;161298
0000000000010000000000010000;161365
0000000000110000000000010000;161415
0000000000110000000000110000;161481
0000000000100000000000100000;161532
0000000001100000000000100000;161598
0000000001000000000001100000;161649
0000000001100000000001000000;161715
0000000001000000000001000000;161783
0000000001000000000010000000;161847
0000000011000000000010000000;161883
0000000110000000000100000000;161948
0000000100000000001100000000;162014
0000001100000000001100000000;162064
0000001100000000001100000000;162133
0000001100000000001100000000;162198
0000001100000000001100000000;162247
0000001100000000001100000000;162315
0000001100000000001100000000;162368
0000001100000000001100000000;162434
0000001100000000000110000000;162485
0000001100000000000110000000;162551
0000001100000000000111000000;162601
0000001100000000000001100000;162668
0000001100000000000000110000;162718
0000001100000000000000110000;162786
0000000100000000000000010000;162835
0000000100000000000000000000;162901
0000000000000000000000000000;162968
;
0000001100000000001100000000;164634
0000000100000000001100000000;164684
0000000110000000001110000000;164735
0000000010000000000110000000;164802
0000000011000000000011000000;164868
0000000011000000000011000000;164919
0000000001100000000011000000;164986
0000000000100000000001000000;165034
0000000000100000000001000000;165101
0000000000110000000001000000;165168
0000000000110000000001000000;165218
0000000000010000000001000000;165286
0000000000010000000010000000;165336
0000000000010000000010000000;165403
0000000000010000000010000000;165470
0000000000100000000100000000;165518
0000000001100000000100000000;165585
0000000001100000000100000000;165653
0000000011000000000100000000;165686
0000000011000000000100000000;165752
0000000010000000000110000000;165820
0000000110000000000110000000;165869
0000000110000000000110000000;165934
0000000110000000000110000000;166003
0000000110000000000110000000;166052
0000000110000000000011000000;166118
0000000110000000000001000000;166168
0000000110000000000001100000;166237
0000000110000000000001110000;166286
0000000011000000000000010000;166355
0000000011000000000000010000;166421
0000000011000000000000011000;166470
0000000001100000000000001000;166521
0000000001100000000000011000;166587
0000000001100000000000001000;166651
0000000000100000000000001000;166702
0000000000100000000000000000;166768
0000000000000000000000000000;166820
;
0000000000110000000100000000;168902
0000000000100000000100000000;168968
0000000001100000000100000000;169020
0000000001000000001100000000;169086
0000000001000000001100000000;169153
0000000010000000001100000000;169202
0000000010000000001100000000;169268
0000000110000000001100000000;169319
0000000100000000001100000000;169385
0000000100000000001100000000;169453
0000000100000000001100000000;169502
0000001100000000001100000000;169569
0000001100000000000100000000;169620
0000001100000000000110000000;169686
0000000100000000000111000000;169735
0000000100000000000011000000;169803
0000000010000000000011000000;169852
0000000011000000000011000000;169918
0000000001000000000011000000;169986
0000000001100000000011000000;170035
0000000000100000000011000000;170085
0000000001100000000011000000;170152
0000000001100000000011000000;170219
0000000001100000000011000000;170269
0000000001100000000011000000;170336
0000000001000000000001000000;170402
0000000001000000000001000000;170452
0000000010000000000011000000;170520
0000000110000000000001000000;170570
0000000100000000000001000000;170636
0000000100000000000001000000;170702
0000000100000000000001000000;170753
0000000100000000000001100000;170819
0000000100000000000001110000;170870
0000000100000000000000110000;170920
0000000100000000000001010000;170985
0000000110000000000001010000;171054
0000000110000000000000010000;171103
0000000010000000000000010000;171170
0000000011000000000000010000;171219
0000000001000000000000010000;171287
0000000001100000000000010000;171371
0000000000110000000000010000;171404
0000000000110000000000010000;171471
0000000000110000000000010000;171537
0000000000000000000000000000;171587
;
0000000100000000001000000000;173441
0000000110000000001100000000;173491
0000000110000000000100000000;173541
0000000010000000000100000000;173607
0000000011000000000100000000;173658
0000000001000000000100000000;173724
0000000001000000000110000000;173774
0000000000100000000010000000;173841
0000000000100000000010000000;173925
0000000000110000000010000000;173957
0000000000010000000100000000;174024
0000000000010000000100000000;174074
0000000000110000000100000000;174141
0000000000100000000100000000;174208
0000000000100000001100000000;174258
0000000000100000000100000000;174325
0000000001000000001100000000;174390
0000000001000000001100000000;174442
0000000011000000000100000000;174492
0000000011000000000100000000;174572
0000000010000000000100000000;174622
0000000010000000000110000000;174690
0000000010000000000010000000;174726
0000000010000000000001000000;174790
0000000110000000000001000000;174856
0000000110000000000001000000;174906
0000000100000000000001100000;174973
0000000100000000000001110000;175040
0000000100000000000000000000;175090
0000000000000000000000010000;175156
0000001000000000000000000000;175206
0000000000000000000000100000;175273
0000010000000000000000100000;175341
0000010000000000000000100000;175390
0000000000000000000000000000;175456
;
0000001000000000000011000000;175622
0000001000000000000000000000;175689
0000001100000000000010000000;175740
0000000100000000000011000000;175806
0000000100000000000011000000;175856
0000000110000000000010000000;175923
0000000110000000000011000000;175972
0000000010000000000011000000;176040
0000000010000000000001000000;176106
0000000011000000000001000000;176155
0000000001000000000001100000;176223
0000000001100000000000110000;176290
0000000001100000000000110000;176340
0000000001100000000000110000;176406
0000000000100000000000000000;176457
0000000000000000000000000000;176523
0000000000000000000000000000;176590
0000000000000000000000000000;176640
0000000000000000000000000000;176706
0000000000000000000000000000;176758
0000000000000000000000000000;176823
0000000000000000000000000000;176873
0000000000000000000000000000;176941
0000000000000000000000000000;176990
0000000000000000000000000000;177056
0000000000000000000000000000;177107
0000000000000000000000000000;177172
0000000000000000000000000000;177240
0000000000000000000000000000;177289
0000000000000000000000000000;177356
0000000000000000000000000000;177406
0000000000000000000000000000;177472
0000000000000000000000000000;177542
0000000000000000000000000000;177590
;
0000000110000000001000000000;181157
0000000110000000001000000000;181223
0000000110000000001100000000;181273
0000000110000000001100000000;181343
0000000010000000001100000000;181390
0000000011000000000100000000;181456
0000000001000000000110000000;181509
0000000001000000000010000000;181574
0000000001100000000011000000;181640
0000000000100000000011000000;181708
0000000000100000000011000000;181758
0000000000100000000011000000;181823
0000000000110000000011000000;181873
0000000000110000000011000000;181924
0000000000010000000010000000;181990
0000000000010000000010000000;182040
0000000000010000000110000000;182106
0000000000010000000100000000;182157
0000000000110000000100000000;182240
0000000001100000000100000000;182291
0000000001100000000100000000;182341
0000000001000000000100000000;182406
0000000011000000000100000000;182473
0000000011000000000110000000;182524
0000000011000000000110000000;182591
0000000011000000000010000000;182640
0000000010000000000011000000;182707
0000000010000000000001000000;182774
0000000010000000000001000000;182826
0000000110000000000001100000;182892
0000000110000000000001100000;182940
0000000110000000000001100000;182992
0000000100000000000000100000;183057
0000001100000000000000100000;183123
0000001000000000000000100000;183192
0000001000000000000001100000;183241
0000001000000000000001000000;183293
0000001000000000000011000000;183358
0000011000000000000011000000;183408
0000011000000000000011000000;183474
0000001100000000000110000000;183542
0000001100000000000110000000;183591
0000000100000000000110000000;183657
0000000110000000000110000000;183725
0000000110000000000010000000;183774
0000000110000000000011000000;183841
0000000010000000000111000000;183891
0000000011000000000111000000;183958
0000000011000000000001000000;184008
0000000001000000000001100000;184059
0000000001100000000001100000;184125
0000000001100000000000110000;184192
0000000001110000000000110000;184242
0000000000110000000000110000;184308
0000000000110000000000110000;184375
0000000000010000000000010000;184426
0000000000000000000000000000;184492
;
0000010000000000000010000000;188360
0000010000000000000010000000;188411
0000010000000000000010000000;188477
0000010000000000000000000000;188529
0000000000000000000000000000;188594
0000000000000000000000000000;188664
0000000000000000000000000000;188711
0000000000000000000000000000;188777
0000000000000000000000000000;188828
0000000000000000000000000000;188894
0000000000000000000000000000;188944
0000000000000000000000000000;189011
0000000000000000000000000000;189061
0000000000000000000000000000;189127
0000000000000000000000000000;189178
0000000000000000000000000000;189246
0000000000000000000000000000;189312
0000000000000000000000000000;189360
0000000000000000000000000000;189428
0000000000000000000000000000;189477
0000000000000000000000000000;189546
0000000000000000000000000000;189597
0000000000000000000000000000;189664
0000000000000000000000000000;189713
0000000000000000000000000000;189779
0000000000000000000000000000;189829
0000000000000000000000000000;189912
0000000000000000000000000000;189962
0000000000000000000000000000;190013
0000000000000000000000000000;190080
0000000000000000000000000000;190129
0000000000000000000000000000;190197
0000000000000000000000000000;190248
0000000000000000000000000000;190313
;
