UserID: 1
bowl;
null;
no;
6.0;12.0;0.0;
7.0;11.5;234.0;
7.5;11.0;359.0;
8.0;13.0;712.0;
10.333333;14.0;894.0;
;
x;
hat;
no;
5.0;12.5;0.0;
6.0;12.0;219.0;
6.5;12.0;286.0;
8.0;11.5;584.0;
8.5;9.75;768.0;
8.5;6.5;949.0;
;
x;
w;
no;
9.5;8.0;0.0;
8.5;9.0;123.0;
9.0;9.5;172.0;
9.0;11.5;356.0;
7.0;10.5;705.0;
5.5;9.5;838.0;
7.0;10.0;1356.0;
8.5;12.0;1539.0;
;
doubleSlope;
z;
no;
8.0;8.0;0.0;
8.5;9.5;182.0;
8.5;10.5;245.0;
9.0;12.0;541.0;
7.5;12.5;958.0;
6.5;11.0;1191.0;
5.5;9.5;1308.0;
7.0;10.0;2076.0;
;
bowl;
hat;
no;
8.0;7.0;0.0;
8.0;8.5;184.0;
8.0;9.0;214.0;
8.5;10.5;281.0;
8.5;12.5;530.0;
8.0;11.0;881.0;
7.0;9.5;1114.0;
6.0;11.0;1653.0;
6.0;13.0;1836.0;
;
slope;
pigtail;
no;
7.5;7.0;0.0;
8.0;8.0;183.0;
8.5;8.5;234.0;
7.5;10.0;417.0;
8.0;11.5;600.0;
7.75;9.5;1133.0;
7.2;11.0;1799.0;
6.5;12.5;1850.0;
;
leftAngle;
hat;
no;
5.5;6.5;0.0;
6.0;7.5;66.0;
6.0;8.0;136.0;
6.5;9.5;363.0;
8.0;8.5;781.0;
7.75;10.0;1898.0;
7.0;12.0;2024.0;
;
pigtail;
bowl;
no;
8.0;8.0;0.0;
7.0;7.5;234.0;
6.5;8.5;584.0;
5.0;9.5;817.0;
7.0;11.0;1251.0;
6.0;12.5;2135.0;
5.5;14.0;2433.0;
7.0;13.5;2786.0;
;
hat;
w;
no;
6.0;7.5;0.0;
6.0;9.0;233.0;
6.0;10.0;349.0;
7.5;10.5;701.0;
8.0;8.5;1135.0;
7.5;10.0;1836.0;
7.0;12.0;2085.0;
5.5;11.5;2620.0;
5.8;13.0;3452.0;
7.5;13.0;3620.0;
;
zigzag;
pigtail;
no;
5.5;9.5;0.0;
6.5;9.0;300.0;
7.0;9.0;363.0;
8.0;10.5;831.0;
8.666667;12.0;1130.0;
;
z;
hat;
no;
4.5;12.0;0.0;
6.0;11.5;351.0;
6.0;11.5;417.0;
7.0;10.0;833.0;
7.5;8.4;1001.0;
;
dart;
bowl;
no;
8.0;8.5;0.0;
8.0;10.0;301.0;
8.0;11.0;368.0;
6.5;10.5;1202.0;
5.5;8.5;1503.0;
6.5;10.0;1853.0;
8.0;11.0;2153.0;
8.5;12.5;2267.0;
;
w;
slope;
no;
7.5;8.5;0.0;
8.5;9.0;117.0;
7.5;10.25;419.0;
8.5;11.5;601.0;
6.5;11.0;1670.0;
5.0;8.5;1901.0;
6.5;9.0;2266.0;
7.0;10.5;2500.0;
;
slope;
spiral;
no;
7.5;8.5;0.0;
8.0;9.5;168.0;
7.5;10.25;349.0;
9.0;11.5;532.0;
8.5;13.0;648.0;
8.0;11.5;931.0;
7.0;10.0;1349.0;
6.5;11.5;2005.0;
;
tab;
hat;
no;
6.0;8.0;0.0;
6.5;9.5;234.0;
6.5;10.0;300.0;
8.0;9.0;952.0;
6.5;9.5;1787.0;
6.0;11.25;1970.0;
6.0;13.0;2087.0;
;
doubleSlope;
pigtail;
no;
7.0;7.0;0.0;
6.0;7.5;299.0;
5.5;8.0;483.0;
4.0;9.0;716.0;
5.8;9.0;1200.0;
5.2;10.5;1902.0;
5.75;12.0;2150.0;
;
doubleSlope;
bowl;
no;
5.5;6.0;0.0;
6.0;8.0;234.0;
6.0;8.5;284.0;
8.0;8.0;835.0;
6.5;9.0;1650.0;
6.0;10.5;1766.0;
;
spiral;
bowl;
no;
5.0;9.5;0.0;
6.5;9.0;484.0;
7.0;9.0;549.0;
7.0;10.8;950.0;
8.5;12.5;1066.0;
;
c;
hat;
no;
5.0;12.0;0.0;
6.5;11.5;433.0;
6.5;11.0;484.0;
7.25;8.0;968.0;
8.0;6.5;1252.0;
;
w;
w;
yes;
8.0;9.0;0.0;
7.5;10.0;350.0;
7.5;10.5;417.0;
6.0;9.5;1133.0;
7.5;11.5;1775.0;
;
spiral;
z;
no;
7.0;9.0;0.0;
7.5;10.25;232.0;
7.5;11.0;332.0;
8.5;12.5;581.0;
6.5;12.0;1064.0;
5.0;10.333333;1299.0;
4.5;8.5;1463.0;
5.0;10.0;1765.0;
6.5;9.666667;2314.0;
;
tab;
spiral;
no;
7.0;8.0;0.0;
7.5;9.0;399.0;
7.5;10.0;465.0;
8.0;12.0;631.0;
7.0;10.5;997.0;
5.5;9.5;1282.0;
6.0;11.0;1948.0;
5.5;12.5;2064.0;
;
swipe;
pigtail;
no;
5.0;7.0;0.0;
6.0;8.0;120.0;
5.25;8.5;183.0;
6.5;9.5;401.0;
7.5;7.5;951.0;
6.5;9.0;1667.0;
6.5;11.0;1968.0;
8.0;12.0;2734.0;
;
bowl;
pigtail;
no;
8.0;8.5;0.0;
7.5;7.5;182.0;
6.5;7.5;484.0;
5.8;9.0;832.0;
7.0;10.0;1366.0;
6.0;11.5;2150.0;
6.5;13.0;2617.0;
7.5;11.666667;2850.0;
;
x;
w;
no;
5.5;6.0;0.0;
6.0;7.5;187.0;
6.0;8.0;233.0;
7.5;7.0;832.0;
6.5;8.5;1483.0;
4.5;7.5;2317.0;
6.0;9.0;2666.0;
;
