UserID: 1
0000100000000000000100000000;6609
0000100000000000000100000000;6609
0000010000000000000100000000;6609
0000001000000000000100000000;6672
0000001100000000000110000000;6672
0000000110000000000110000000;6673
0000000010000000000110000000;6674
0000000011000000000110000000;6674
0000000011000000000110000000;6674
0000000001100000000100000000;6674
0000000000110000000100000000;6675
0000000000110000000100000000;6675
0000000000110000000110000000;6675
0000000001110000000110000000;6718
0000000000110000000011000000;6772
0000000000110000000011100000;6841
0000000000110000000000010000;6892
0000000000110000000000001100;6961
0000000000110000000000001110;7025
0000000000110000000000001110;7074
0000000000110000000000001110;7140
0000000000110000000000000110;7206
0000000000000000000000000000;7274
0000000000000000000000000000;7323
0000000000000000000000000000;7374
0000000000000000000000000000;7440
0000000000000000000000000000;7492
0000000000000000000000000000;7556
0000000000000000000000000000;7607
0000000000000000000000000000;7674
0000000000000000000000000000;7723
0000000000000000000000000000;7789
0000000000000000000000000000;7841
0000000000000000000000000000;7905
0000000000000000000000000000;7974
0000000000000000000000000000;8023
0000000000000000000000000000;8090
0000000000000000000000000000;8156
0000000000000000000000000000;8206
0000000000000000000000000000;8276
0000000000000000000000000000;8322
0000000000000000000000000000;8391
0000000000000000000000000000;8457
0000000000000000000000000000;8493
0000000000000000000000000000;8560
0000000000000000000000000000;8623
;
0000011000000000000000001000;10933
0000011000000000000000001000;11006
0000001100000000000000001000;11055
0000000110000000000000001000;11122
0000000011000000000000011000;11172
0000000001000000000000001000;11239
0000000001100000000000011000;11306
0000000001110000000000011000;11356
0000000001110000000000011000;11422
0000000000110000000000011000;11473
0000000000110000000000110000;11540
0000000000110000000001100000;11606
0000000000110000000011000000;11656
0000000000110000000110000000;11706
0000000000110000011000000000;11773
0000000000110000011000000000;11838
0000000000110000011000000000;11890
0000000000110000011000000000;11957
0000000000110000011000000000;12006
0000000000000000000000000000;12073
0000000000000000000000000000;12122
0000000000000000000000000000;12186
0000000000000000000000000000;12257
0000000000000000000000000000;12303
0000000000000000000000000000;12374
0000000000000000000000000000;12439
0000000000000000000000000000;12487
0000000000000000000000000000;12541
0000000000000000000000000000;12604
0000000000000000000000000000;12670
0000000000000000000000000000;12724
0000000000000000000000000000;12786
0000000000000000000000000000;12840
0000000000000000000000000000;12904
;
0000000000010000000100000000;14637
0000000000010000000110000000;14687
0000000000110000000010000000;14739
0000000000110000000011000000;14805
0000000001100000000011100000;14855
0000000001100000000001100000;14937
0000000011000000000001100000;14988
0000000011000000000000100000;15039
0000000011000000000000110000;15104
0000000110000000000000010000;15156
0000000100000000000000010000;15224
0000001100000000000000010000;15288
0000001000000000000000110000;15338
0000011000000000000000100000;15405
0000110000000000000001100000;15456
0000110000000000000011000000;15522
0000100000000000000011000000;15588
0000100000000000000110000000;15638
0000110000000000000110000000;15705
0000110000000000001100000000;15754
0000110000000000001100000000;15820
0000011000000000001100000000;15872
0000011100000000001100000000;15942
0000001100000000001100000000;15988
0000000110000000000100000000;16059
0000000010000000000110000000;16104
0000000011000000000110000000;16173
0000000011000000000011100000;16238
0000000001100000000001100000;16291
0000000001100000000000110000;16354
0000000001100000000000010000;16426
0000000000110000000000001000;16472
0000000000110000000000001000;16540
0000000000110000000000001100;16589
0000000000110000000000001100;16654
0000000000000000000000000000;16721
;
0000000000110000000011000000;18487
0000000000110000000001000000;18555
0000000000110000000001100000;18622
0000000001110000000011100000;18673
0000000001110000000000110000;18738
0000000001110000000000110000;18788
0000000001100000000000010000;18855
0000000001100000000000011000;18921
0000000001100000000000011000;18974
0000000001000000000000001000;19021
0000000011000000000000001100;19088
0000000010000000000000001000;19140
0000000110000000000000001000;19204
0000000100000000000000001000;19271
0000001100000000000000011000;19321
0000001000000000000000110000;19388
0000011000000000000000110000;19454
0000011000000000000001100000;19504
0000011000000000000011000000;19572
0000011000000000000111000000;19621
0000011000000000000110000000;19688
0000001100000000000110000000;19737
0000001100000000001100000000;19805
0000000110000000001100000000;19872
0000000110000000000110000000;19921
0000000011000000000110000000;19988
0000000011000000000110000000;20054
0000000011000000000011000000;20104
0000000011000000000001100000;20154
0000000011000000000000110000;20221
0000000011000000000000110000;20271
0000000011000000000000111000;20338
0000000011000000000000110000;20388
0000000011000000000000010000;20455
0000000000000000000000000000;20522
;
0000000000110000000110000000;21940
0000000000110000000011100000;22004
0000000000110000000010110000;22068
0000000000110000000010111000;22118
0000000000010000000010001100;22188
0000000000110000000000001100;22235
0000000000110000000000001000;22303
0000000000100000000000010000;22355
0000000001000000000000110000;22418
0000000011000000000001100000;22486
0000000110000000000010000000;22536
0000001100000000000110000000;22618
0000011000000000000100000000;22655
0000011000000000000100000000;22718
0000011000000000000110000000;22770
0000001000000000000001100000;22835
0000001000000000000000111000;22886
0000001000000000000000000110;22955
0000001100000000000000000110;23019
0000001100000000000000000110;23086
0000000000000000000000000000;23136
0000000000000000000000000000;23204
0000000000000000000000000000;23255
0000000000000000000000000000;23304
0000000000000000000000000000;23370
0000000000000000000000000000;23419
0000000000000000000000000000;23484
0000000000000000000000000000;23535
0000000000000000000000000000;23604
0000000000000000000000000000;23668
0000000000000000000000000000;23719
0000000000000000000000000000;23785
0000000000000000000000000000;23854
0000000000000000000000000000;23919
;
0000000100000000001000000000;25569
0000000110000000001100000000;25620
0000000110000000000100000000;25688
0000000110000000000110000000;25755
0000000011000000000011000000;25838
0000000001100000000001100000;25872
0000000001100000000001100000;25921
0000000001110000000001100000;25987
0000000000010000000000100000;26039
0000000000001000000001000000;26103
0000000000000000000000000000;26169
0000000000000000000000000000;26236
0000000000010000000110000000;26285
0000000000010000000100000000;26338
0000000000100000000100000000;26404
0000000001000000000100000000;26469
0000000010000000000110000000;26518
0000000010000000000010000000;26588
0000000110000000000011000000;26640
0000000100000000000001100000;26706
0000000100000000000001110000;26752
0000000110000000000000110000;26821
0000000110000000000000011000;26868
0000000011000000000000011100;26935
0000000001100000000000001100;27004
0000000001110000000000001100;27054
0000000001110000000000001110;27118
0000000001110000000000000100;27169
0000000000000000000000000000;27236
0000000000000000000000000000;27303
0000000000000000000000000000;27353
0000000000000000000000000000;27404
0000000000000000000000000000;27468
0000000000000000000000000000;27518
;
0000000000010000000100000000;29385
0000000000110000001100000000;29435
0000000001100000001000000000;29504
0000000011000000001000000000;29554
0000000110000000001000000000;29620
0000000111000000001100000000;29670
0000001101000000001100000000;29737
0000001101000000000110000000;29789
0000001100000000000110000000;29854
0000001100000000000011000000;29903
0000001100000000000011000000;29969
0000000110000000000001100000;30037
0000000010000000000001100000;30087
0000000011000000000000100000;30154
0000000000110000000000100000;30221
0000000000110000000001100000;30270
0000000001010000000001100000;30321
0000000001010000000001100000;30387
0000000000110000000001100000;30437
0000000001100000000001100000;30505
0000000001000000000001100000;30572
0000000011000000000001100000;30622
0000000110000000000000100000;30688
0000000110000000000001100000;30738
0000000110000000000000110000;30805
0000000100000000000000011000;30872
0000000100000000000000011000;30954
0000000110000000000000001100;30988
0000000010000000000000001100;31038
0000000011000000000000001100;31105
0000000001100000000000001100;31155
0000000000110000000000001100;31222
0000000000011000000000001000;31289
0000000000011000000000010000;31338
0000000000000000000000000000;31407
;
0000000011000000001100000000;33005
0000000011000000001100000000;33054
0000000001000000000110000000;33121
0000000001100000000111000000;33188
0000000000100000000011000000;33238
0000000000110000000001100000;33306
0000000000010000000011000000;33355
0000000000011000000001000000;33422
0000000000001000000001000000;33488
0000000000000000000000000000;33537
0000000000000000000000000000;33588
0000000000000000000000000000;33656
0000000000000000000100000000;33706
0000000000010000000100000000;33772
0000000000100000000110000000;33838
0000000001100000000110000000;33889
0000000001100000000011000000;33958
0000000001000000000001100000;34011
0000000011000000000011100000;34076
0000000011000000000010110000;34143
0000000011000000000000110000;34194
0000000011000000000000110000;34244
0000000110000000000000110000;34310
0000000110000000000000110000;34360
0000001100000000000000100000;34427
0000001100000000000001100000;34477
0000001000000000000011000000;34544
0000011000000000000011000000;34609
0000001100000000000011000000;34678
0000001100000000000110000000;34728
0000000100000000000110000000;34795
0000000110000000000110000000;34845
0000000011000000000011000000;34911
0000000011000000000011000000;34961
0000000011000000000001100000;35028
0000000001100000000000110000;35095
0000000001100000000000011000;35142
0000000000110000000000001100;35211
0000000000011000000000000100;35262
0000000000011000000000000100;35328
0000000000000000000000000000;35379
;
0000001000000000000011000000;37766
0000001100000000000011000000;37829
0000000110000000000011000000;37883
0000000011000000000011000000;37931
0000000001100000000011000000;37999
0000000000110000000011000000;38066
0000000000110000000011000000;38115
0000000000110000000011000000;38178
0000000000110000000011000000;38246
0000000000110000000011000000;38296
0000000000110000000001100000;38346
0000000000110000000000110000;38417
0000000000010000000000001100;38482
0000000000011000000000000110;38538
0000000000011000000000000110;38603
0000000000010000000000000100;38656
0000000000000000000000000000;38721
0000000000000000000000000000;38769
0000000000000000000000000000;38820
0000000000000000000000000000;38886
0000000000000000000000000000;38953
0000000000000000000000000000;39003
0000000000000000000000000000;39069
0000000000000000000000000000;39119
0000000000000000000000000000;39186
0000000000000000000000000000;39272
0000000000000000000000000000;39303
0000000000000000000000000000;39369
0000000000000000000000000000;39419
0000000000000000000000000000;39486
0000000000000000000000000000;39554
0000000000000000000000000000;39603
0000000000000000000000000000;39669
0000000000000000000000000000;39720
;
0000010000000000000000110000;41205
0000011000000000000000110000;41270
0000001100000000000000110000;41322
0000000110000000000000110000;41386
0000000111000000000000110000;41453
0000000001100000000000110000;41504
0000000001110000000000110000;41568
0000000001110000000000110000;41636
0000000001110000000000100000;41689
0000000001110000000001000000;41754
0000000000110000000111000000;41804
0000000001110000001100000000;41856
0000000001100000011000000000;41920
0000000001100000011000000000;41986
0000000001100000011000000000;42054
0000000000100000000000000000;42104
0000000000000000000000000000;42153
0000000000000000000000000000;42218
0000000000000000000000000000;42285
0000000000000000000000000000;42336
0000000000000000000000000000;42404
0000000000000000000000000000;42470
0000000000000000000000000000;42519
0000000000000000000000000000;42569
0000000000000000000000000000;42636
0000000000000000000000000000;42704
0000000000000000000000000000;42754
0000000000000000000000000000;42820
0000000000000000000000000000;42869
0000000000000000000000000000;42936
0000000000000000000000000000;42988
0000000000000000000000000000;43054
0000000000000000000000000000;43103
0000000000000000000000000000;43169
;
0000000000010000000110000000;48590
0000000000010000000010000000;48638
0000000000110000000011000000;48704
0000000000100000000011000000;48755
0000000001100000000001100000;48821
0000000001100000000001100000;48871
0000000001000000000000110000;48938
0000000011000000000000110000;48990
0000000011000000000000110000;49074
0000000111000000000000110000;49104
0000000110000000000000110000;49172
0000001100000000000000110000;49222
0000001000000000000001100000;49288
0000011000000000000011100000;49354
0000011000000000000011000000;49404
0000011000000000000110000000;49473
0000011000000000000110000000;49521
0000011000000000001100000000;49589
0000001100000000001100000000;49654
0000001100000000001100000000;49705
0000000100000000001100000000;49772
0000000110000000001100000000;49838
0000000110000000001100000000;49888
0000000010000000000110000000;49955
0000000011000000000110000000;50007
0000000001100000000011000000;50071
0000000000100000000001100000;50137
0000000000110000000001100000;50187
0000000000010000000000110000;50239
0000000000011000000000010000;50305
0000000000001000000000010000;50372
0000000000001000000000010000;50421
0000000000001000000000000000;50488
0000000000000000000000000000;50537
;
0000000000110000000010000000;55356
0000000000110000000011000000;55424
0000000000110000000011000000;55473
0000000000110000000011100000;55540
0000000000110000000011100000;55608
0000000001110000000000110000;55657
0000000001110000000000110000;55723
0000000001100000000000010000;55773
0000000001100000000000011000;55840
0000000001000000000000011000;55892
0000000011000000000000011000;55960
0000000011000000000000011000;56010
0000000110000000000000010000;56075
0000000110000000000000110000;56125
0000001100000000000000100000;56191
0000001100000000000011100000;56258
0000001000000000000011000000;56313
0000001000000000000110000000;56376
0000001000000000000110000000;56426
0000001100000000001100000000;56492
0000000100000000001100000000;56559
0000000110000000001000000000;56609
0000000110000000001000000000;56676
0000000011000000001100000000;56726
0000000111000000001100000000;56791
0000000011000000001110000000;56843
0000000011000000000111100000;56909
0000000011000000000001100000;56976
0000000011000000000001110000;57026
0000000011100000000000110000;57092
0000000011100000000000110000;57142
0000000001000000000000100000;57193
0000000000000000000000000000;57275
0000000000000000000000000000;57326
;
0000000000110000000110000000;63744
0000000000110000000011000000;63810
0000000000110000000011100000;63859
0000000001110000000011100000;63925
0000000001110000000000110000;63977
0000000001110000000001110000;64044
0000000000110000000000111000;64111
0000000000110000000000111000;64160
0000000001110000000000111000;64226
0000000001100000000000110000;64276
0000000001100000000001110000;64343
0000000011000000000011000000;64393
0000000110000000000110000000;64461
0000000110000000001100000000;64510
0000001100000000001100000000;64577
0000001100000000001100000000;64626
0000001100000000001100000000;64694
0000001100000000001100000000;64744
0000001100000000000110000000;64810
0000001100000000000001100000;64877
0000001110000000000001110000;64926
0000001100000000000000011000;64996
0000001110000000000000011000;65061
0000001110000000000000011000;65111
0000001110000000000000011000;65178
0000001100000000000000000000;65228
0000000000000000000000000000;65294
0000000000000000000000000000;65345
0000000000000000000000000000;65412
0000000000000000000000000000;65462
0000000000000000000000000000;65528
0000000000000000000000000000;65579
0000000000000000000000000000;65645
0000000000000000000000000000;65712
;
0000000110000000000110000000;67549
0000000110000000000110000000;67615
0000000111000000000011000000;67665
0000000011000000000011100000;67732
0000000011000000000011100000;67782
0000000001100000000000110000;67850
0000000001110000000000110000;67899
0000000000010000000000110000;67966
0000000000011000000000100000;68031
0000000000011000000000100000;68083
0000000000010000000000000000;68133
0000000000010000000011000000;68199
0000000000010000000010000000;68266
0000000000110000000110000000;68316
0000000000100000000110000000;68381
0000000001100000000110000000;68433
0000000001000000000110000000;68500
0000000011000000000010000000;68566
0000000111000000000011000000;68614
0000000110000000000011000000;68681
0000000110000000000001100000;68748
0000000110000000000001110000;68800
0000000111000000000000110000;68865
0000000011000000000000111000;68917
0000000001100000000000011000;68982
0000000001110000000000001100;69047
0000000001011000000000001110;69102
0000000001011000000000001100;69147
0000000001011000000000000100;69214
0000000000000000000000000000;69264
0000000000000000000000000000;69331
0000000000000000000000000000;69398
0000000000000000000000000000;69447
0000000000000000000000000000;69514
;
0000000000010000000010000000;71171
0000000000110000000110000000;71233
0000000000110000000100000000;71300
0000000001100000001100000000;71354
0000000001100000001100000000;71417
0000000011000000001100000000;71469
0000000111000000001100000000;71534
0000000110000000001100000000;71584
0000001110000000000100000000;71651
0000001100000000000110000000;71717
0000001100000000000110000000;71766
0000001100000000000011000000;71834
0000001100000000000011000000;71901
0000001100000000000011100000;71950
0000001100000000000001100000;72017
0000000110000000000001100000;72067
0000000111000000000001100000;72135
0000000011000000000000110000;72184
0000000011100000000000110000;72250
0000000001110000000000110000;72300
0000000001110000000000100000;72367
0000000000010000000000100000;72417
0000000000011000000000100000;72485
0000000000010000000000100000;72534
0000000000110000000001100000;72600
0000000001100000000001100000;72668
0000000011000000000001100000;72734
0000000011000000000001100000;72786
0000000111000000000001100000;72834
0000001110000000000000100000;72901
0000000110000000000000110000;72951
0000000100000000000000011000;73018
0000000100000000000000011000;73084
0000000100000000000000011100;73151
0000000100000000000000011000;73200
0000000110000000000000001100;73251
0000000010000000000000000100;73317
0000000011000000000000000100;73385
0000000001100000000000000100;73434
0000000000110000000000000100;73500
0000000000110000000000000100;73551
0000000000001000000000001000;73617
0000000000001000000000001000;73668
0000000000001000000000001000;73735
0000000000001000000000001000;73801
0000000000001000000000001000;73851
0000000000000000000000000000;73917
;
0000000011000000011000000000;76003
0000000011000000011000000000;76051
0000000011000000001100000000;76119
0000000001100000000110000000;76169
0000000001100000000110000000;76221
0000000000110000000011000000;76288
0000000000010000000011000000;76351
0000000000011000000001000000;76401
0000000000001000000001000000;76468
0000000000001000000000000000;76537
0000000000000000000000000000;76585
0000000000000000000000000000;76651
0000000000000000000000000000;76704
0000000000000000000000000000;76767
0000000000010000000100000000;76834
0000000000010000000100000000;76884
0000000000100000000100000000;76952
0000000001100000000100000000;77001
0000000001000000000110000000;77067
0000000001100000000011000000;77138
0000000001000000000011100000;77184
0000000011000000000001100000;77237
0000000011000000000000110000;77301
0000000011000000000000110000;77351
0000000110000000000000110000;77418
0000000100000000000000010000;77470
0000001100000000000000110000;77533
0000001000000000000000100000;77601
0000011000000000000001100000;77651
0000110000000000000001000000;77718
0000110000000000000011000000;77783
0000110000000000000011000000;77834
0000110000000000000110000000;77901
0000010000000000000110000000;77951
0000011000000000000110000000;78018
0000001100000000000110000000;78084
0000001100000000000110000000;78134
0000000110000000000011000000;78200
0000000110000000000011100000;78251
0000000010000000000001100000;78317
0000000011000000000000110000;78369
0000000001100000000000011000;78434
0000000001100000000000001000;78484
0000000000100000000000001000;78552
0000000000100000000000001000;78601
0000000000100000000000000000;78668
0000000000000000000000000000;78719
;
0000100000000000000011000000;82656
0000110000000000000011000000;82723
0000010000000000000011000000;82771
0000011000000000000011000000;82838
0000001100000000000011000000;82890
0000001100000000000011000000;82954
0000000110000000000011000000;83005
0000000011000000000011000000;83072
0000000011100000000111000000;83122
0000000011100000000111000000;83188
0000000011100000000111000000;83237
0000000011100000000111000000;83305
0000000001000000000001110000;83356
0000000001100000000000011000;83439
0000000001100000000000001100;83489
0000000001100000000000000110;83539
0000000001100000000000000110;83604
0000000001100000000000000110;83655
0000000001100000000000000100;83722
0000000000000000000000000000;83789
0000000000000000000000000000;83839
0000000000000000000000000000;83905
0000000000000000000000000000;83971
0000000000000000000000000000;84020
0000000000000000000000000000;84088
0000000000000000000000000000;84138
0000000000000000000000000000;84204
0000000000000000000000000000;84254
0000000000000000000000000000;84321
0000000000000000000000000000;84371
0000000000000000000000000000;84438
0000000000000000000000000000;84491
0000000000000000000000000000;84560
0000000000000000000000000000;84610
;
0000110000000000000000110000;86865
0000110000000000000000110000;86932
0000011000000000000000110000;86998
0000011000000000000000110000;87048
0000001100000000000000110000;87118
0000000110000000000000110000;87168
0000000011000000000000110000;87232
0000000011100000000000110000;87299
0000000011100000000000110000;87349
0000000011100000000001110000;87415
0000000011100000000001110000;87466
0000000011100000000001100000;87532
0000000011100000000011100000;87584
0000000011100000000111100000;87650
0000000001100000000110000000;87715
0000000001100000001100000000;87765
0000000001100000011100000000;87819
0000000001100000011100000000;87899
0000000001100000011100000000;87949
0000000001100000011100000000;87998
0000000001000000000000000000;88066
0000000000000000000000000000;88116
0000000000000000000000000000;88183
0000000000000000000000000000;88232
0000000000000000000000000000;88299
0000000000000000000000000000;88366
0000000000000000000000000000;88416
0000000000000000000000000000;88483
0000000000000000000000000000;88533
0000000000000000000000000000;88600
0000000000000000000000000000;88667
0000000000000000000000000000;88717
0000000000000000000000000000;88783
0000000000000000000000000000;88834
;
0000000001000000001100000000;90199
0000000001100000000110000000;90266
0000000001000000000111000000;90315
0000000011000000000011000000;90386
0000000011000000000011100000;90453
0000000111000000000001100000;90503
0000000111000000000000110000;90571
0000000111000000000000110000;90620
0000001110000000000000110000;90671
0000001100000000000000110000;90737
0000011000000000000000110000;90803
0000011000000000000000100000;90854
0000011000000000000001100000;90918
0000110000000000000011000000;90971
0000110000000000000011000000;91035
0000100000000000000110000000;91101
0000100000000000000110000000;91154
0000110000000000001100000000;91221
0000110000000000001100000000;91271
0000011000000000001100000000;91338
0000011000000000001100000000;91388
0000001100000000001100000000;91455
0000001110000000001110000000;91518
0000000110000000000110000000;91571
0000000011000000000011000000;91639
0000000011000000000000110000;91688
0000000001100000000000011000;91751
0000000000110000000000001100;91805
0000000000110000000000001100;91868
0000000000110000000000000100;91919
0000000000000000000000000000;91984
0000000000000000000000000000;92037
0000000000000000000000000000;92101
0000000000000000000000000000;92169
;
0000000001000000000110000000;93704
0000000001100000000111000000;93771
0000000001100000000011100000;93825
0000000001100000000001100000;93890
0000000001100000000001110000;93940
0000000001100000000000110000;94005
0000000001100000000000110000;94072
0000000011100000000000111000;94122
0000000011000000000000011000;94190
0000000011000000000000001000;94255
0000000110000000000000001100;94322
0000000110000000000000001000;94371
0000001100000000000000001000;94421
0000001100000000000000001000;94488
0000011100000000000000011000;94539
0000011100000000000000110000;94606
0000110000000000000000100000;94655
0000110000000000000001100000;94721
0000110000000000000011100000;94772
0000110000000000000011100000;94839
0000110000000000000110000000;94907
0000110000000000000110000000;94971
0000110000000000001110000000;95021
0000010000000000001100000000;95071
0000011000000000001100000000;95142
0000011000000000001100000000;95211
0000011100000000001100000000;95263
0000011100000000001100000000;95328
0000000110000000001100000000;95378
0000001110000000001110000000;95428
0000000110000000000111000000;95496
0000000111000000000011100000;95559
0000000111000000000011110000;95610
0000000111000000000001110000;95678
0000000111000000000001110000;95726
0000000010000000000000100000;95793
0000000000000000000000000000;95845
;
0000000001000000000110000000;97577
0000000001100000000110000000;97642
0000000011100000000111000000;97693
0000000011100000000011100000;97760
0000000011100000000001110000;97809
0000000001100000000001111000;97876
0000000001100000000000111000;97944
0000000001100000000000011100;97993
0000000001100000000000011100;98061
0000000001100000000000011000;98109
0000000001100000000000011000;98176
0000000001100000000000111000;98226
0000000011000000000000110000;98293
0000000111000000000001100000;98344
0000001110000000000011000000;98410
0000001100000000000110000000;98478
0000011100000000000110000000;98528
0000011100000000000110000000;98592
0000011100000000000110000000;98646
0000011000000000000110000000;98710
0000011100000000000011100000;98771
0000011100000000000000110000;98821
0000001100000000000000111000;98888
0000001100000000000000111100;98939
0000011100000000000000011100;99004
0000011100000000000000001100;99072
0000000100000000000000000000;99121
0000000000000000000000000000;99189
0000000000000000000000000000;99239
0000000000000000000000000000;99305
0000000000000000000000000000;99371
0000000000000000000000000000;99422
0000000000000000000000000000;99489
0000000000000000000000000000;99539
;
0000011000000000001100000000;101029
0000011000000000001100000000;101095
0000011100000000001110000000;101146
0000011100000000000111000000;101212
0000001100000000000111000000;101262
0000001110000000000011100000;101328
0000000111000000000001110000;101378
0000000011000000000001110000;101444
0000000111000000000000110000;101495
0000000011100000000000110000;101561
0000000001110000000001100000;101612
0000000000110000000001100000;101680
0000000001110000000011100000;101728
0000000000100000000011000000;101794
0000000001100000000111000000;101861
0000000001000000000111000000;101914
0000000011000000000111000000;101979
0000000111000000000011000000;102047
0000000110000000000011000000;102095
0000001110000000000011000000;102163
0000001100000000000011100000;102213
0000001100000000000001100000;102280
0000001100000000000001110000;102345
0000001110000000000001110000;102398
0000001110000000000001111000;102464
0000000110000000000001111000;102511
0000000110000000000000111100;102565
0000000011000000000000001100;102631
0000000011000000000000001100;102698
0000000001100000000000001100;102745
0000000001110000000000001110;102811
0000000001110000000000001100;102865
0000000001110000000000001100;102928
0000000001100000000000000000;102995
0000000000000000000000000000;103044
;
0000000001100000000010000000;104478
0000000001000000000110000000;104546
0000000011000000000110000000;104596
0000000111000000001110000000;104662
0000000110000000001100000000;104715
0000001100000000001100000000;104762
0000001100000000001100000000;104829
0000011100000000001100000000;104894
0000011000000000000110000000;104948
0000011000000000000110000000;105012
0000011000000000000011000000;105078
0000011000000000000011000000;105128
0000011000000000000011100000;105197
0000001000000000000001100000;105245
0000001100000000000001100000;105311
0000000100000000000000110000;105363
0000000110000000000000110000;105427
0000000011000000000000110000;105495
0000000011000000000000110000;105545
0000000011100000000000110000;105612
0000000011100000000000110000;105662
0000000011000000000000110000;105729
0000000011000000000000100000;105781
0000000110000000000000100000;105829
0000001110000000000001100000;105895
0000001110000000000000100000;105962
0000001110000000000000110000;106012
0000001100000000000000111000;106079
0000001100000000000000111000;106145
0000001100000000000000111000;106196
0000001100000000000000001000;106262
0000001100000000000000001100;106328
0000000100000000000000001100;106380
0000000110000000000000000100;106445
0000000110000000000000000100;106496
0000000011000000000000001100;106563
0000000011100000000000001100;106612
0000000000110000000000001100;106679
0000000000110000000000001000;106744
0000000000011000000000011000;106796
0000000000000000000000000000;106847
;
0000001100000000001100000000;108345
0000001110000000000110000000;108395
0000000110000000000011000000;108463
0000000110000000000011100000;108512
0000000011000000000011100000;108582
0000000011100000000000110000;108634
0000000011100000000000110000;108699
0000000001100000000000110000;108751
0000000001110000000000110000;108816
0000000001110000000001100000;108883
0000000001110000000001000000;108934
0000000000110000000011000000;109000
0000000000100000000010000000;109050
0000000001100000000110000000;109117
0000000001000000000111000000;109184
0000000011000000000011000000;109234
0000000111000000000011000000;109301
0000000110000000000011000000;109351
0000000110000000000001100000;109417
0000000110000000000001100000;109468
0000001110000000000001110000;109534
0000001110000000000000111000;109601
0000001100000000000000111000;109651
0000001100000000000000111000;109701
0000011000000000000000011000;109765
0000011000000000000000010000;109834
0000110000000000000000110000;109885
0000110000000000000001100000;109952
0000100000000000000001000000;109998
0000110000000000000011000000;110069
0000110000000000000011000000;110131
0000110000000000000011000000;110186
0000011000000000000011000000;110252
0000011000000000000001100000;110302
0000001100000000000001110000;110369
0000000110000000000000111000;110420
0000000110000000000000001100;110470
0000000011000000000000000100;110536
0000000011000000000000000110;110603
0000000001000000000000000000;110653
0000000000000000000000000000;110720
;
0000011000000000000011000000;114410
0000011000000000000011100000;114459
0000001100000000000011100000;114526
0000001100000000000011100000;114576
0000001110000000000011100000;114643
0000000110000000000011100000;114709
0000000111000000000011100000;114759
0000000011100000000011100000;114826
0000000001110000000011000000;114877
0000000000110000000011000000;114944
0000000000110000000011000000;115010
0000000000110000000011000000;115060
0000000000110000000011000000;115127
0000000000110000000001100000;115177
0000000000110000000001100000;115244
0000000000110000000001100000;115294
0000000000110000000001100000;115358
0000000000110000000001100000;115411
0000000000110000000001100000;115475
0000000000000000000000000000;115525
0000000000000000000000000000;115594
0000000000000000000000000000;115661
0000000000000000000000000000;115711
0000000000000000000000000000;115778
0000000000000000000000000000;115841
0000000000000000000000000000;115893
0000000000000000000000000000;115961
0000000000000000000000000000;116008
0000000000000000000000000000;116075
0000000000000000000000000000;116128
0000000000000000000000000000;116193
0000000000000000000000000000;116258
0000000000000000000000000000;116309
0000000000000000000000000000;116358
;
