UserID: 1
slope;
null;
no;
3.0;9.5;0.0;
3.0;8.0;318.0;
5.0;8.666667;548.0;
10.0;9.5;781.0;
;
leftAngle;
zigzag;
no;
10.0;16.0;0.0;
10.0;14.0;418.0;
10.0;12.0;668.0;
10.0;10.0;900.0;
10.0;8.0;1067.0;
8.0;8.0;1783.0;
6.0;8.0;1968.0;
3.0;7.5;2266.0;
;
zigzag;
bowl;
no;
5.0;7.0;0.0;
7.0;8.0;532.0;
7.0;9.0;584.0;
9.0;9.5;766.0;
8.0;11.0;1250.0;
6.0;14.0;1416.0;
4.0;13.0;1718.0;
4.0;11.0;1968.0;
6.0;9.5;2186.0;
8.0;9.0;2437.0;
;
bowl;
spiral;
no;
12.0;7.0;0.0;
;
spiral;
spiral;
yes;
5.0;7.0;0.0;
6.0;6.0;116.0;
7.0;6.5;183.0;
9.0;7.0;484.0;
11.0;7.0;651.0;
;
rightAngle;
z;
no;
11.0;15.0;0.0;
9.5;16.0;233.0;
9.0;16.5;300.0;
6.0;11.0;1483.0;
8.0;11.0;1600.0;
;
spiral;
c;
no;
4.0;8.0;0.0;
5.0;7.0;116.0;
6.0;7.0;250.0;
8.0;7.0;367.0;
10.0;8.0;534.0;
;
pigtail;
hat;
no;
6.0;10.0;0.0;
8.0;11.0;117.0;
;
pigtail;
hat;
no;
3.0;7.0;0.0;
7.0;7.0;433.0;
9.0;8.0;551.0;
11.0;10.0;837.0;
8.0;14.0;1617.0;
6.0;14.0;1917.0;
;
z;
hat;
no;
4.0;13.0;0.0;
3.0;11.0;232.0;
4.0;11.0;416.0;
8.0;11.0;716.0;
;
swipe;
zigzag;
no;
9.0;10.0;0.0;
;
leftAngle;
zigzag;
no;
4.0;13.0;0.0;
6.0;11.0;233.0;
7.0;9.0;350.0;
7.0;7.0;649.0;
5.0;7.0;1184.0;
3.0;8.0;1549.0;
;
dart;
bowl;
no;
7.0;12.0;0.0;
10.0;11.0;534.0;
11.0;10.0;715.0;
;
zigzag;
zigzag;
yes;
2.0;9.5;0.0;
7.0;11.0;782.0;
7.0;11.0;832.0;
7.0;13.0;1081.0;
12.0;10.0;1783.0;
;
doubleSlope;
zigzag;
no;
4.0;12.0;0.0;
8.0;9.5;416.0;
9.0;9.0;533.0;
10.0;7.0;717.0;
8.0;6.0;951.0;
7.0;8.0;1617.0;
8.0;9.5;2033.0;
;
x;
bowl;
no;
8.0;16.0;0.0;
6.0;14.0;351.0;
12.0;11.0;719.0;
;
zigzag;
bowl;
no;
3.0;9.0;0.0;
5.0;9.0;481.0;
9.0;9.0;664.0;
;
x;
bowl;
no;
6.0;9.5;0.0;
8.0;9.5;350.0;
9.0;9.5;400.0;
;
w;
w;
yes;
10.0;13.0;0.0;
10.0;10.0;179.0;
10.0;9.0;247.0;
8.0;8.0;596.0;
5.0;8.5;781.0;
;
spiral;
zigzag;
no;
5.0;8.0;0.0;
5.0;9.5;115.0;
6.0;9.5;182.0;
8.0;9.5;416.0;
6.0;14.0;949.0;
5.0;11.0;1182.0;
7.0;9.5;1421.0;
9.0;9.5;1486.0;
;
z;
slope;
no;
6.0;8.0;0.0;
7.0;9.0;116.0;
8.0;9.0;165.0;
10.0;9.5;417.0;
10.0;13.0;716.0;
4.0;11.0;1251.0;
6.0;10.0;1418.0;
7.5;9.5;1550.0;
;
doubleSlope;
spiral;
no;
5.0;8.0;0.0;
7.0;9.0;184.0;
8.0;9.0;234.0;
10.0;9.0;367.0;
8.5;10.0;652.0;
7.0;11.0;768.0;
5.0;12.0;952.0;
7.0;10.333333;1319.0;
9.0;10.333333;1369.0;
11.0;10.333333;1486.0;
;
swipe;
z;
no;
5.0;10.666667;0.0;
7.0;10.333333;117.0;
8.0;9.5;184.0;
7.0;8.0;485.0;
10.0;10.0;1066.0;
12.0;9.5;1200.0;
;
spiral;
hat;
no;
6.0;9.0;0.0;
6.0;10.333333;246.0;
7.0;10.666667;364.0;
8.0;9.5;480.0;
11.0;8.0;1197.0;
;
dart;
bowl;
no;
6.0;9.5;0.0;
8.0;9.5;179.0;
9.0;9.0;296.0;
8.0;7.0;412.0;
7.0;9.0;712.0;
9.0;10.333333;1080.0;
8.0;14.0;1363.0;
11.0;10.0;1914.0;
;
spiral;
z;
no;
4.0;9.0;0.0;
7.0;8.5;284.0;
8.0;8.666667;349.0;
8.0;6.5;398.0;
6.5;6.0;818.0;
7.0;8.666667;936.0;
8.5;9.5;1302.0;
6.0;10.0;1903.0;
10.0;9.0;2066.0;
;
