UserID: 1
dart;
null;
no;
7.0;12.0;0.0;
7.0;9.5;165.0;
6.0;8.0;279.0;
8.0;8.5;596.0;
10.0;9.0;762.0;
;
rightAngle;
hat;
no;
8.0;11.0;0.0;
8.0;9.5;116.0;
7.0;9.5;351.0;
5.0;10.0;467.0;
;
spiral;
w;
no;
6.0;9.0;0.0;
7.0;9.5;234.0;
8.0;10.0;351.0;
9.0;11.5;469.0;
8.0;13.0;651.0;
6.0;13.0;836.0;
5.0;11.0;1134.0;
6.5;9.5;1251.0;
8.0;8.0;1368.0;
;
pigtail;
slope;
no;
5.0;9.0;0.0;
6.5;8.5;233.0;
7.0;9.0;301.0;
9.0;9.5;483.0;
9.0;11.5;783.0;
7.0;13.0;1067.0;
5.0;11.5;1283.0;
5.0;9.5;1617.0;
7.5;10.0;1785.0;
;
doubleSlope;
spiral;
no;
5.0;8.0;0.0;
6.0;9.0;235.0;
7.0;8.5;287.0;
9.0;8.5;469.0;
8.0;10.0;771.0;
6.0;11.0;954.0;
4.0;12.0;1138.0;
6.0;12.0;1488.0;
8.0;12.5;1605.0;
;
rightAngle;
z;
no;
5.0;14.0;0.0;
6.0;12.0;167.0;
7.0;11.5;235.0;
8.0;10.0;416.0;
6.5;9.0;651.0;
5.0;9.5;836.0;
5.0;12.0;1135.0;
7.0;13.0;1366.0;
8.5;11.5;1533.0;
10.0;10.5;1666.0;
;
bowl;
pigtail;
no;
6.0;10.0;0.0;
5.0;10.5;172.0;
5.0;12.0;355.0;
5.0;14.0;705.0;
7.0;13.0;889.0;
8.0;11.5;956.0;
8.0;9.5;1189.0;
8.0;12.0;1539.0;
9.5;13.0;2022.0;
10.0;11.0;2255.0;
;
hat;
bowl;
no;
5.0;11.0;0.0;
6.0;10.5;233.0;
7.0;9.5;367.0;
6.0;8.0;717.0;
5.5;9.5;1067.0;
6.0;11.0;1318.0;
7.5;11.5;1498.0;
9.0;12.5;1668.0;
8.0;14.0;1965.0;
8.0;12.0;2149.0;
10.0;10.5;2448.0;
;
zigzag;
z;
no;
6.5;11.0;0.0;
6.0;9.0;185.0;
6.0;9.0;235.0;
8.0;9.5;585.0;
10.0;9.5;719.0;
;
doubleSlope;
hat;
no;
9.0;13.0;0.0;
9.0;11.5;180.0;
9.0;11.0;248.0;
8.5;9.5;481.0;
6.5;9.0;785.0;
4.0;9.5;881.0;
;
z;
w;
no;
6.0;9.0;0.0;
8.0;9.5;183.0;
8.0;10.0;234.0;
9.0;11.5;416.0;
8.5;13.5;600.0;
7.0;14.0;724.0;
6.0;12.0;961.0;
7.0;10.5;1191.0;
8.5;9.5;1309.0;
10.0;8.5;1543.0;
;
spiral;
slope;
no;
6.0;9.5;0.0;
7.0;9.0;134.0;
8.0;9.5;233.0;
10.0;10.0;417.0;
11.0;12.0;600.0;
10.0;14.0;784.0;
8.0;15.0;951.0;
6.0;14.0;1135.0;
5.0;12.0;1319.0;
7.0;11.0;1616.0;
;
swipe;
spiral;
no;
5.0;9.0;0.0;
7.0;9.0;117.0;
8.0;9.0;189.0;
7.0;11.0;657.0;
4.0;13.0;888.0;
6.0;13.0;1189.0;
8.0;13.0;1321.0;
;
spiral;
z;
no;
7.0;12.5;0.0;
8.0;11.0;116.0;
8.0;11.0;166.0;
7.0;9.5;466.0;
5.0;11.0;950.0;
7.0;13.0;1298.0;
9.0;12.0;1601.0;
10.0;10.0;1902.0;
;
c;
pigtail;
no;
5.0;9.0;0.0;
4.0;13.0;334.0;
4.0;13.0;400.0;
6.0;14.0;634.0;
8.0;13.0;834.0;
8.0;11.0;1000.0;
8.0;13.0;1350.0;
10.0;14.0;1651.0;
11.0;12.0;1834.0;
11.0;10.0;2017.0;
;
z;
w;
no;
4.0;12.0;0.0;
5.0;11.0;234.0;
6.0;10.0;300.0;
7.5;9.5;420.0;
6.0;8.0;649.0;
4.0;8.0;901.0;
4.0;10.0;1119.0;
6.0;11.0;1369.0;
8.0;11.5;1606.0;
9.0;13.0;1839.0;
7.0;12.0;2206.0;
8.0;10.5;2439.0;
9.5;9.0;2554.0;
;
c;
z;
no;
7.0;11.0;0.0;
7.0;9.0;183.0;
6.5;8.0;231.0;
8.0;7.5;665.0;
10.0;8.0;766.0;
;
x;
hat;
no;
9.0;12.5;0.0;
9.0;11.0;184.0;
9.0;9.0;233.0;
9.0;7.0;415.0;
7.0;7.0;716.0;
5.0;7.0;783.0;
;
tab;
bowl;
no;
6.0;7.0;0.0;
7.0;8.0;50.0;
8.0;8.5;167.0;
9.0;10.0;401.0;
9.0;12.0;584.0;
7.0;13.0;700.0;
6.0;11.0;1067.0;
6.5;9.5;1252.0;
8.5;8.5;1367.0;
10.0;7.0;1600.0;
;
hat;
slope;
no;
6.0;8.0;0.0;
7.0;7.5;50.0;
8.0;8.0;183.0;
10.0;9.5;484.0;
9.0;12.0;763.0;
6.0;13.0;1063.0;
4.0;11.0;1302.0;
6.0;10.0;1603.0;
;
zigzag;
spiral;
no;
5.0;8.0;0.0;
6.5;8.5;117.0;
7.0;8.0;183.0;
9.0;8.5;301.0;
8.5;10.0;785.0;
7.0;11.0;901.0;
5.0;13.0;1135.0;
7.0;13.0;1499.0;
9.0;13.0;1615.0;
;
zigzag;
z;
no;
7.0;11.5;0.0;
8.0;11.0;66.0;
8.0;10.0;134.0;
7.0;8.0;418.0;
5.0;8.0;601.0;
5.0;10.0;785.0;
6.0;12.0;1083.0;
8.5;11.5;1383.0;
10.0;10.5;1484.0;
10.0;8.5;1783.0;
;
bowl;
pigtail;
no;
6.0;9.0;0.0;
5.0;10.0;183.0;
5.0;11.0;367.0;
4.0;13.0;600.0;
8.0;13.0;1083.0;
8.0;10.5;1317.0;
8.0;13.0;1850.0;
9.5;13.5;2199.0;
11.0;12.0;2383.0;
11.0;10.0;2567.0;
;
doubleSlope;
w;
no;
3.0;11.0;0.0;
5.0;10.0;180.0;
6.0;9.5;297.0;
5.0;8.0;530.0;
3.0;8.0;830.0;
4.0;10.0;1130.0;
5.0;12.0;1486.0;
7.0;12.0;1666.0;
7.0;10.0;2685.0;
8.5;9.5;2805.0;
;
