UserID: 1
w;
null;
no;
6.0;9.5;0.0;
7.5;9.5;301.0;
8.0;9.5;416.0;
9.5;8.5;668.0;
10.0;10.0;834.0;
11.0;12.0;1017.0;
10.5;13.5;1301.0;
;
rightAngle;
hat;
no;
6.0;13.0;0.0;
7.5;13.0;300.0;
9.2;12.5;366.0;
10.0;11.0;715.0;
10.0;9.0;778.0;
10.5;7.5;845.0;
;
doubleSlope;
bowl;
no;
8.5;9.0;0.0;
8.5;10.5;118.0;
8.5;11.5;251.0;
6.0;12.5;481.0;
4.0;10.5;716.0;
5.0;8.5;899.0;
6.5;9.5;1131.0;
7.0;11.5;1365.0;
8.5;12.5;1431.0;
;
bowl;
slope;
no;
7.5;9.5;0.0;
8.5;10.5;116.0;
8.5;11.0;184.0;
9.0;13.0;534.0;
7.5;12.5;834.0;
5.5;11.5;1068.0;
5.0;9.5;1252.0;
6.5;8.5;1483.0;
7.0;10.5;1788.0;
;
x;
spiral;
no;
7.5;9.5;0.0;
7.5;11.0;250.0;
7.5;11.5;300.0;
8.0;13.0;416.0;
7.0;11.0;964.0;
5.5;9.5;1024.0;
5.5;11.5;1423.0;
4.5;13.0;1541.0;
5.0;14.5;1838.0;
;
doubleSlope;
z;
no;
6.5;10.5;0.0;
7.0;12.0;184.0;
7.5;12.5;251.0;
9.0;13.0;601.0;
8.0;11.5;1085.0;
7.0;13.5;1318.0;
7.5;15.0;1566.0;
9.0;16.0;1786.0;
;
zigzag;
z;
no;
9.0;9.0;0.0;
7.5;8.5;251.0;
7.5;8.5;300.0;
6.0;9.0;600.0;
5.5;11.0;734.0;
6.5;12.5;1016.0;
4.5;12.5;1733.0;
4.5;14.5;1968.0;
6.0;15.5;2450.0;
;
dart;
w;
no;
5.0;7.0;0.0;
5.5;8.0;120.0;
6.0;8.5;183.0;
6.5;10.0;367.0;
8.0;9.5;651.0;
6.3333335;10.0;1317.0;
6.0;11.5;1433.0;
3.5;10.5;2018.0;
5.0;11.5;2385.0;
6.5;13.5;2568.0;
7.5;15.0;2752.0;
;
rightAngle;
z;
no;
5.0;11.0;0.0;
6.5;11.0;351.0;
7.0;10.5;464.0;
8.25;13.0;894.0;
;
tab;
z;
no;
5.0;13.0;0.0;
4.0;12.5;115.0;
7.0;13.0;481.0;
7.5;11.0;831.0;
8.0;9.5;898.0;
;
rightAngle;
bowl;
no;
8.5;9.5;0.0;
8.0;10.5;247.0;
8.0;11.0;297.0;
7.5;12.5;546.0;
6.0;11.5;963.0;
5.5;10.0;1200.0;
7.5;11.5;1787.0;
9.2;13.5;1904.0;
;
hat;
spiral;
no;
8.5;10.5;0.0;
9.0;12.5;168.0;
9.75;11.333333;234.0;
10.333333;13.5;468.0;
9.0;14.5;584.0;
7.75;13.5;1067.0;
6.0;12.0;1135.0;
5.5;10.5;1367.0;
7.0;9.5;1534.0;
7.5;11.0;1783.0;
;
spiral;
spiral;
yes;
8.0;9.5;0.0;
8.0;11.0;187.0;
7.5;11.5;303.0;
8.0;13.0;436.0;
9.0;14.5;651.0;
8.5;13.0;834.0;
7.5;11.333333;1018.0;
6.0;11.0;1200.0;
5.5;12.5;1485.0;
5.5;15.5;1619.0;
;
x;
pigtail;
no;
6.0;10.0;0.0;
6.0;11.5;134.0;
6.5;11.5;183.0;
7.0;13.0;418.0;
9.0;11.5;835.0;
7.75;12.5;1550.0;
8.5;15.0;1916.0;
;
w;
bowl;
no;
9.5;9.5;0.0;
8.0;9.5;366.0;
7.5;9.5;484.0;
5.0;12.0;901.0;
6.0;13.5;1200.0;
5.5;15.0;2034.0;
8.0;15.5;2620.0;
;
c;
bowl;
no;
5.5;8.5;0.0;
6.5;9.5;50.0;
6.5;10.0;117.0;
7.0;12.5;350.0;
7.5;10.5;651.0;
7.0;12.0;1419.0;
6.5;13.5;1601.0;
6.0;12.0;2250.0;
6.5;13.5;2617.0;
7.5;15.0;2850.0;
;
doubleSlope;
z;
no;
5.0;11.5;0.0;
6.5;11.5;365.0;
7.0;11.5;532.0;
7.5;13.0;897.0;
9.0;14.0;1082.0;
9.0;16.5;1382.0;
;
doubleSlope;
hat;
no;
5.0;14.5;0.0;
6.0;14.0;350.0;
6.5;14.0;417.0;
8.142858;13.0;716.0;
8.5;10.5;999.0;
8.0;9.0;1117.0;
;
leftAngle;
bowl;
no;
9.0;10.5;0.0;
8.5;12.0;184.0;
8.5;12.5;351.0;
7.0;13.5;768.0;
6.0;12.0;1069.0;
5.5;10.5;1300.0;
7.0;11.0;1601.0;
7.5;12.5;2084.0;
9.2;13.5;2199.0;
;
z;
slope;
no;
8.0;10.0;0.0;
8.5;11.0;184.0;
8.5;11.5;234.0;
9.0;13.5;534.0;
7.0;13.5;952.0;
6.5;11.5;1248.0;
6.0;9.5;1431.0;
7.5;10.0;1781.0;
7.5;12.0;2081.0;
;
doubleSlope;
spiral;
no;
8.0;9.5;0.0;
8.0;11.5;235.0;
8.0;12.0;300.0;
8.5;14.0;417.0;
9.0;12.5;885.0;
6.5;11.5;1017.0;
5.75;13.0;1418.0;
6.5;15.0;1533.0;
5.0;14.0;1900.0;
;
hat;
hat;
yes;
6.0;9.5;0.0;
6.0;11.0;351.0;
6.0;11.5;417.0;
7.5;12.0;653.0;
7.5;10.0;951.0;
8.0;11.5;1537.0;
7.2;13.0;1900.0;
7.0;14.5;2017.0;
9.0;15.0;2250.0;
;
w;
hat;
no;
9.0;10.5;0.0;
8.0;10.0;184.0;
7.5;10.0;415.0;
6.5;11.8;949.0;
4.6666665;13.0;1134.0;
6.5;13.0;1666.0;
6.0;15.0;2134.0;
5.5;16.5;2551.0;
7.0;16.0;2851.0;
8.857142;16.0;3099.0;
;
bowl;
w;
no;
5.0;8.0;0.0;
4.0;9.0;232.0;
4.6666665;9.5;299.0;
6.0;11.0;417.0;
7.5;11.5;834.0;
7.5;9.5;950.0;
6.75;12.0;1599.0;
6.5;13.5;1783.0;
5.0;12.5;2550.0;
6.5;14.0;2916.0;
7.0;15.5;3154.0;
;
tab;
z;
no;
7.0;14.0;0.0;
;
