UserID: 1
dart;
null;
no;
7.0;10.0;0.0;
8.5;10.0;183.0;
9.0;9.5;239.0;
11.0;10.0;349.0;
10.5;11.5;714.0;
11.0;13.5;896.0;
;
zigzag;
hat;
no;
5.0;14.0;0.0;
8.0;13.0;234.0;
8.5;13.5;300.0;
10.0;13.0;466.0;
10.5;10.5;884.0;
10.5;8.0;1133.0;
;
swipe;
bowl;
no;
11.0;9.5;0.0;
10.0;10.5;234.0;
10.0;11.0;284.0;
8.5;12.5;469.0;
6.5;12.0;585.0;
5.0;9.5;816.0;
6.5;8.5;1120.0;
8.5;9.5;1419.0;
9.5;11.0;1532.0;
10.0;12.5;1599.0;
11.5;13.0;1667.0;
;
spiral;
slope;
no;
11.0;10.0;0.0;
11.0;11.5;168.0;
11.0;12.0;234.0;
9.5;13.5;600.0;
8.0;13.0;833.0;
6.5;11.0;951.0;
7.0;9.5;1118.0;
8.5;8.5;1368.0;
9.5;10.0;1599.0;
;
w;
spiral;
no;
11.0;8.0;0.0;
11.0;9.5;116.0;
10.5;10.5;185.0;
11.0;13.0;367.0;
9.5;11.5;767.0;
8.5;10.0;883.0;
7.0;8.5;1001.0;
6.5;10.0;1316.0;
7.0;11.5;1368.0;
7.0;13.5;1433.0;
7.5;15.0;1602.0;
;
c;
z;
no;
7.5;9.0;0.0;
8.5;10.0;167.0;
8.5;10.5;234.0;
9.5;12.0;467.0;
11.5;12.0;535.0;
11.0;10.0;902.0;
9.0;9.0;1085.0;
8.0;10.5;1486.0;
8.0;12.5;1603.0;
9.5;14.0;1784.0;
11.0;15.0;1900.0;
;
bowl;
pigtail;
no;
11.0;9.5;0.0;
10.0;8.5;118.0;
9.5;8.0;184.0;
7.0;8.0;359.0;
6.0;9.5;525.0;
7.5;11.0;706.0;
9.0;11.5;838.0;
7.0;12.0;1498.0;
7.0;14.0;1614.0;
9.0;15.0;1833.0;
12.0;14.0;2014.0;
;
swipe;
w;
no;
9.0;8.0;0.0;
9.5;9.0;135.0;
9.5;9.5;186.0;
11.5;10.5;366.0;
10.0;10.0;1135.0;
9.5;11.5;1269.0;
8.5;13.0;1501.0;
7.0;12.5;1668.0;
5.5;12.0;1785.0;
4.5;10.5;1901.0;
6.5;10.0;2152.0;
7.5;11.5;2266.0;
8.5;13.0;2386.0;
;
zigzag;
spiral;
no;
4.0;11.0;0.0;
5.5;10.5;184.0;
6.0;11.0;234.0;
7.5;10.5;301.0;
9.0;11.5;534.0;
9.0;13.5;769.0;
9.0;16.0;834.0;
;
doubleSlope;
hat;
no;
4.0;13.0;0.0;
5.5;13.5;354.0;
7.5;13.0;420.0;
8.5;11.0;838.0;
8.0;8.5;954.0;
;
tab;
bowl;
no;
9.0;9.0;0.0;
8.5;10.5;237.0;
8.5;10.5;302.0;
7.5;12.0;468.0;
6.0;13.0;584.0;
4.5;12.5;767.0;
4.0;11.0;885.0;
3.5;9.5;1067.0;
5.0;8.5;1302.0;
6.5;10.5;1536.0;
8.0;12.0;1718.0;
9.5;14.0;1901.0;
;
hat;
slope;
no;
9.5;9.5;0.0;
9.5;11.5;183.0;
9.5;11.5;253.0;
9.5;13.5;417.0;
6.5;14.0;902.0;
5.0;12.0;1067.0;
5.0;10.0;1249.0;
6.5;9.0;1484.0;
7.5;10.5;1717.0;
8.0;12.5;1901.0;
;
hat;
spiral;
no;
9.0;9.0;0.0;
9.5;11.0;184.0;
9.5;12.5;234.0;
8.5;11.0;768.0;
6.5;10.5;885.0;
5.5;9.0;1015.0;
5.5;11.0;1248.0;
6.0;14.0;1366.0;
;
swipe;
z;
no;
6.0;8.5;0.0;
5.5;9.5;116.0;
6.5;10.0;232.0;
7.5;11.5;366.0;
9.0;12.0;532.0;
10.5;11.5;650.0;
9.0;9.5;883.0;
7.0;9.5;1067.0;
6.0;11.0;1317.0;
6.0;13.0;1482.0;
8.0;14.0;1600.0;
10.0;14.5;1716.0;
;
tab;
pigtail;
no;
9.0;9.0;0.0;
8.0;9.5;366.0;
7.0;8.5;417.0;
5.0;8.5;667.0;
4.5;10.0;833.0;
5.0;11.5;963.0;
7.5;12.0;1131.0;
9.0;12.5;1197.0;
7.5;12.0;1733.0;
6.0;13.0;1847.0;
5.5;15.0;2032.0;
7.5;15.0;2148.0;
10.0;14.5;2332.0;
;
spiral;
w;
no;
7.0;8.0;0.0;
7.5;9.0;117.0;
7.5;9.5;184.0;
8.5;11.0;420.0;
10.0;12.0;553.0;
11.5;11.0;652.0;
10.0;10.0;901.0;
8.5;11.5;1185.0;
8.0;13.0;1435.0;
6.0;12.0;1602.0;
5.5;10.5;1851.0;
7.5;11.5;2137.0;
9.0;13.0;2384.0;
10.0;15.0;2504.0;
;
hat;
z;
no;
5.0;11.0;0.0;
7.0;10.5;413.0;
7.0;11.0;481.0;
9.5;11.0;663.0;
9.5;13.0;1133.0;
10.0;15.5;1247.0;
;
z;
hat;
no;
4.0;13.0;0.0;
6.0;13.5;185.0;
7.0;13.5;285.0;
8.5;13.0;402.0;
9.5;11.0;817.0;
9.0;9.0;1183.0;
;
zigzag;
bowl;
no;
9.0;9.0;0.0;
9.5;10.5;181.0;
9.5;11.0;248.0;
8.5;12.5;548.0;
7.0;13.0;665.0;
5.5;12.0;847.0;
4.5;10.5;1081.0;
5.5;9.0;1498.0;
7.5;9.5;1797.0;
8.5;11.0;2097.0;
9.0;13.0;2265.0;
10.5;13.5;2448.0;
;
spiral;
slope;
no;
10.0;10.0;0.0;
10.0;11.5;118.0;
10.0;12.5;168.0;
8.5;14.0;650.0;
6.0;12.0;952.0;
5.0;10.5;1181.0;
6.0;9.0;1299.0;
7.5;8.5;1532.0;
8.5;10.5;1782.0;
8.5;12.5;2015.0;
;
x;
spiral;
no;
10.0;8.5;0.0;
9.5;9.5;115.0;
10.0;10.5;182.0;
9.5;12.0;233.0;
10.0;14.0;350.0;
9.5;12.5;533.0;
8.5;11.0;583.0;
7.0;9.0;699.0;
6.5;10.5;949.0;
6.5;14.0;1116.0;
;
pigtail;
z;
no;
6.5;9.0;0.0;
7.0;10.0;50.0;
7.5;10.5;184.0;
8.5;12.0;367.0;
10.0;11.5;534.0;
10.5;10.0;767.0;
9.0;9.5;950.0;
7.0;11.0;1484.0;
7.0;13.0;1733.0;
9.0;14.5;1950.0;
;
z;
pigtail;
no;
10.0;9.5;0.0;
9.0;9.0;131.0;
8.5;9.0;180.0;
7.0;9.5;367.0;
6.5;11.0;780.0;
8.5;11.5;948.0;
8.0;13.0;1783.0;
8.0;15.0;2081.0;
10.5;14.5;2331.0;
;
z;
w;
no;
8.0;8.0;0.0;
8.0;9.5;115.0;
8.5;10.0;166.0;
10.0;11.5;433.0;
12.0;11.0;701.0;
10.5;9.5;948.0;
9.0;10.0;1182.0;
8.5;12.0;1481.0;
6.5;12.0;1898.0;
6.0;10.0;2132.0;
7.5;10.5;2498.0;
8.5;12.0;2732.0;
;
