UserID: 1
swipe;
null;
no;
3.0;8.0;0.0;
;
w;
null;
no;
6.0;7.0;0.0;
7.0;8.0;335.0;
9.0;9.0;417.0;
3.0;10.0;1001.0;
5.0;9.0;1067.0;
10.0;6.0;1187.0;
;
tab;
spiral;
no;
5.0;7.0;0.0;
7.0;8.0;114.0;
11.0;6.0;1131.0;
;
z;
z;
yes;
4.0;7.0;0.0;
5.5;7.0;236.0;
6.0;7.0;302.0;
8.0;8.0;420.0;
10.0;8.0;537.0;
7.0;10.0;770.0;
5.0;11.0;903.0;
3.0;13.0;1019.0;
5.0;13.0;1487.0;
7.0;12.0;1603.0;
9.0;12.5;1720.0;
;
tab;
z;
no;
4.0;6.0;0.0;
4.5;7.0;117.0;
5.0;7.5;183.0;
6.0;9.0;300.0;
7.5;11.0;467.0;
6.0;13.0;765.0;
4.0;13.0;897.0;
4.0;11.0;1132.0;
5.0;9.5;1248.0;
6.5;8.0;1365.0;
8.0;7.0;1481.0;
;
tab;
slope;
no;
6.0;6.0;0.0;
8.0;7.0;66.0;
9.0;8.0;132.0;
8.0;11.0;435.0;
6.0;12.0;482.0;
9.0;5.0;902.0;
;
dart;
c;
no;
6.0;6.0;0.0;
9.0;7.5;118.0;
9.0;9.0;184.0;
5.5;8.0;902.0;
8.0;7.0;951.0;
;
leftAngle;
spiral;
no;
5.0;6.0;0.0;
6.0;13.0;534.0;
4.0;13.0;584.0;
5.0;8.0;935.0;
6.5;7.5;1002.0;
11.0;5.0;1185.0;
;
leftAngle;
slope;
no;
7.0;8.0;0.0;
7.0;6.0;117.0;
7.0;6.0;184.0;
7.0;11.0;351.0;
;
leftAngle;
slope;
no;
2.0;6.0;0.0;
1.0;7.0;233.0;
1.0;8.0;283.0;
1.0;10.0;466.0;
3.0;13.0;833.0;
5.0;12.0;1000.0;
6.0;10.0;1183.0;
6.0;12.0;1649.0;
8.0;14.0;1950.0;
;
leftAngle;
bowl;
no;
11.0;12.0;0.0;
11.0;10.0;118.0;
11.0;8.0;245.0;
;
x;
bowl;
no;
3.0;6.0;0.0;
2.0;7.0;251.0;
1.0;10.0;369.0;
2.0;13.0;603.0;
6.0;10.0;901.0;
6.0;12.0;1202.0;
11.0;9.0;1687.0;
10.0;5.0;1921.0;
;
leftAngle;
w;
no;
2.0;10.5;0.0;
0.0;11.0;50.0;
0.0;11.0;100.0;
;
slope;
w;
no;
8.0;8.0;0.0;
;
c;
w;
no;
9.0;6.0;0.0;
7.0;7.0;584.0;
7.0;7.0;651.0;
9.0;6.0;701.0;
7.0;7.0;884.0;
9.0;6.0;1764.0;
7.0;7.0;1832.0;
9.0;7.0;3548.0;
7.0;7.0;3614.0;
9.0;7.0;4082.0;
7.0;7.0;4149.0;
9.0;6.0;4515.0;
7.0;7.0;4683.0;
9.0;6.0;4915.0;
;
swipe;
w;
no;
9.0;6.0;0.0;
7.0;11.5;167.0;
8.333333;10.4;220.0;
8.333333;7.0;350.0;
7.0;6.0;401.0;
;
zigzag;
x;
no;
7.0;8.0;0.0;
6.0;9.0;651.0;
8.0;10.0;718.0;
;
rightAngle;
z;
no;
4.0;13.0;0.0;
4.0;11.0;300.0;
5.0;10.0;350.0;
7.0;9.5;533.0;
8.5;10.0;701.0;
10.0;11.0;817.0;
11.0;14.0;1066.0;
10.0;16.0;1301.0;
8.5;17.0;1550.0;
7.0;15.0;1901.0;
7.0;13.0;2201.0;
;
zigzag;
spiral;
no;
6.0;11.5;0.0;
5.0;10.5;118.0;
4.5;10.5;168.0;
2.0;11.0;465.0;
4.0;11.0;652.0;
6.0;10.5;832.0;
8.0;10.0;999.0;
10.0;10.5;1232.0;
8.0;10.5;1599.0;
6.0;10.0;1716.0;
4.0;10.5;1900.0;
;
