UserID: 1
0000100000000000000110000000;12022
0000100000000000000110000000;12071
0000100000000000000110000000;12139
0000110000000000000110000000;12188
0000110000000000000110000000;12255
0000111000000000000110000000;12359
0000011000000000000110000000;12380
0000001100000000000110000000;12445
0000001100000000000100000000;12496
0000000100000000000100000000;12562
0000000110000000000100000000;12614
0000000110000000000100000000;12665
0000000110000000000100000000;12730
0000000110000000000100000000;12779
0000000110000000000100000000;12846
0000000110000000000110000000;12912
0000000110000000000110000000;12963
0000000110000000000010000000;13030
0000000100000000000011000000;13080
0000000110000000000001000000;13146
0000000100000000000001000000;13212
0000000100000000000001100000;13264
0000000100000000000001010000;13331
0000000100000000000001110000;13396
0000000100000000000001110000;13448
0000000100000000000001010000;13515
0000000100000000000000010000;13565
0000000000000000000000000000;13630
0000000000000000000000000000;13680
0000000000000000000000000000;13730
0000000000000000000000000000;13797
0000000000000000000000000000;13880
0000000000000000000000000000;13914
0000000000000000000000000000;13980
;
0000010000000000000000000000;17374
0000001000000000000001100000;17424
0000001000000000000001100000;17494
0000001000000000000000100000;17561
0000001000000000000001100000;17607
0000000100000000000001100000;17676
0000000100000000000001100000;17724
0000000100000000000001100000;17793
0000000100000000000001100000;17844
0000000100000000000001000000;17908
0000000100000000000001000000;17975
0000000100000000000001100000;18024
0000000110000000000001000000;18094
0000000110000000000001000000;18143
0000000110000000000001000000;18208
0000000110000000000001000000;18258
0000000110000000000011000000;18324
0000000100000000000111000000;18374
0000000100000000000111000000;18441
0000000100000000001111000000;18491
0000000100000000001111000000;18558
0000000100000000001111000000;18624
0000000100000000001111000000;18675
0000000100000000001101000000;18743
0000000000000000000000000000;18793
0000000000000000000000000000;18858
0000000000000000000000000000;18924
0000000000000000000000000000;18974
0000000000000000000000000000;19041
0000000000000000000000000000;19090
0000000000000000000000000000;19158
0000000000000000000000000000;19207
0000000000000000000000000000;19277
0000000000000000000000000000;19326
;
0000100000000000000000110000;25274
0000100000000000000000100000;25341
0000110000000000000000100000;25392
0000010000000000000000100000;25442
0000010000000000000000100000;25509
0000001000000000000000110000;25576
0000001000000000000000110000;25625
0000001000000000000000010000;25692
0000000100000000000000010000;25759
0000000100000000000000010000;25810
0000000100000000000000010000;25876
0000000110000000000000010000;25926
0000000010000000000000010000;25992
0000000010000000000000010000;26043
0000000010000000000000010000;26109
0000000010000000000000010000;26176
0000000010000000000000010000;26226
0000000011000000000000010000;26276
0000000011000000000000010000;26360
0000000011000000000000010000;26410
0000000011000000000000010000;26460
0000000011000000000000010000;26527
0000000011000000000000010000;26594
0000000011000000000000010000;26643
0000000011000000000000110000;26707
0000000011000000000000110000;26761
0000000011000000000000110000;26827
0000000011000000000000110000;26874
0000000011000000000000110000;26941
0000000011000000000000110000;27007
0000000011000000000000110000;27061
0000000011000000000000110000;27124
0000000011000000000000110000;27174
0000000001000000000000110000;27242
0000000001000000000000110000;27308
0000000011000000000001010000;27357
0000000011000000000001000000;27408
0000000010000000000011010000;27474
0000000010000000000011000000;27525
0000000011000000000011000000;27591
0000000011000000000111010000;27658
0000000111000000000111010000;27708
0000000111000000001111010000;27774
0000000111000000001111010000;27843
0000000111000000001101010000;27891
0000000111000000001101010000;27957
0000000111000000001101000000;28009
0000000010000000000000000000;28075
0000000000000000000000000000;28142
;
0000000000100000000110000000;33835
0000000000100000000010000000;33904
0000000000100000000010000000;33954
0000000001100000000110000000;34019
0000000001100000000110000000;34085
0000000001000000000011000000;34137
0000000001000000000001000000;34185
0000000011000000000001000000;34253
0000000010000000000001100000;34303
0000000010000000000000100000;34368
0000000100000000000001100000;34436
0000000100000000000000100000;34485
0000001000000000000000100000;34553
0000011000000000000000100000;34619
0000010000000000000000100000;34685
0000010000000000000000100000;34737
0000000000000000000001100000;34803
0000001000000000000001000000;34854
0000001000000000000001000000;34901
0000001000000000000001000000;34969
0000001000000000000001000000;35019
0000011000000000000011000000;35085
0000011000000000000010000000;35136
0000011000000000000110000000;35203
0000011000000000000110000000;35268
0000011000000000001110000000;35318
0000011000000000001110000000;35385
0000011000000000001110000000;35452
0000001000000000001110000000;35502
0000001100000000001100000000;35569
0000000100000000001100000000;35619
0000000100000000001000000000;35685
0000000110000000001100000000;35753
0000000010000000000100000000;35802
0000000011000000000100000000;35868
0000000001000000000110000000;35920
0000000001000000000110000000;35985
0000000001000000000101000000;36035
0000000001100000000101000000;36103
0000000001000000000100100000;36152
0000000001100000000000110000;36218
0000000000100000000000110000;36269
0000000000100000000000010000;36335
0000000000100000000000010000;36386
0000000000100000000000010000;36453
0000000000110000000000011000;36519
0000000000000000000000000000;36586
;
0000000001000000000100000000;39786
0000000001000000000110000000;39852
0000000001000000000110000000;39903
0000000001000000000110000000;39971
0000000001000000000111000000;40019
0000000001000000000111000000;40086
0000000001100000000111000000;40153
0000000001000000000101100000;40203
0000000001000000000100110000;40252
0000000001000000000100110000;40319
0000000011000000000100100000;40386
0000000011000000000100110000;40436
0000000011000000000100100000;40503
0000000011000000000100000000;40553
0000000001000000000100000000;40619
0000000101000000000100010000;40671
0000000001000000000100000000;40737
0000000001000000000100000000;40802
0000000001000000000100100000;40852
0000011001000000000100100000;40919
0000011001000000000100100000;40971
0000011001000000000100100000;41035
0000010001000000000111100000;41088
0000011001000000000111000000;41138
0000011001000000000111000000;41202
0000011001000000000111000000;41269
0000011001000000000111000000;41319
0000011000000000000110000000;41387
0000011000000000001110000000;41452
0000001000000000001110000000;41503
0000000100000000001000000000;41569
0000000100000000001000000000;41637
0000000010000000001000000000;41686
0000000010000000001000000000;41753
0000000010000000001100000000;41803
0000000010000000001100000000;41869
0000000011000000001100000000;41919
0000000011000000000100000000;41985
0000000011000000000100000000;42053
0000000011000000000110000000;42103
0000000011000000000011000000;42170
0000000011000000000111000000;42220
0000000011000000000101100000;42286
0000000011000000000101000000;42337
0000000011000000000101000000;42403
0000000011000000000000000000;42453
0000000000000000000000000000;42520
;
0000000011000000000100000000;48890
0000000011000000000100000000;48940
0000000011000000000100000000;49006
0000000001000000000010000000;49056
0000000001000000000011000000;49107
0000000001000000000001100000;49190
0000000001000000000000110000;49240
0000000001000000000000110000;49290
0000000011000000000000010000;49357
0000000011000000000000010000;49423
0000000011000000000000010000;49474
0000000010000000000000100000;49525
0000000010000000000000100000;49590
0000000000000000000001000000;49657
0000001100000000000011000000;49706
0000011000000000000010000000;49772
0000010000000000000110000000;49842
0000110000000000000110000000;49890
0000100000000000000110000000;49957
0000100000000000000110000000;50023
0000100000000000000110000000;50075
0000100000000000000110000000;50123
0000110000000000000110000000;50190
0000100000000000000010000000;50241
0000110000000000000011000000;50308
0000110000000000000011100000;50375
0000110000000000000010010000;50440
0000110000000000000010001000;50492
0000010000000000000010001000;50541
0000010000000000000010001000;50608
0000010000000000000000000000;50675
0000000000000000000000000000;50723
0000000000000000000000000000;50790
0000000000000000000000000000;50840
;
0000010000000000001000000000;54056
0000011000000000001100000000;54123
0000011000000000001100000000;54190
0000001000000000000100000000;54240
0000001000000000000110000000;54290
0000001000000000000110000000;54356
0000001000000000000111000000;54423
0000001100000000000101000000;54473
0000000100000000000001000000;54524
0000000110000000000001000000;54587
0000000010000000000001000000;54640
0000000010000000000001000000;54707
0000000011000000000001000000;54774
0000000001000000000000000000;54824
0000000000000000000010000000;54890
0000000011000000000110000000;54958
0000000110000000000100000000;55008
0000000110000000000110000000;55071
0000000100000000000110000000;55124
0000001100000000000110000000;55192
0000001100000000000110000000;55240
0000001000000000000110000000;55306
0000011000000000000010000000;55375
0000011000000000000011000000;55425
0000001000000000000011000000;55491
0000001000000000000001000000;55541
0000001100000000000000110000;55605
0000000100000000000000100000;55655
0000000100000000000000100011;55723
0000000010000000000000110011;55772
0000000010000000000000110011;55840
0000000011000000000000010011;55890
0000000001000000000000010011;55955
0000000001100000000000010000;56024
0000000001100000000000110000;56090
0000000001100000000000010000;56141
0000000001100000000000010000;56205
0000000001100000000000010000;56257
0000000001100000000000010000;56322
0000000001000000000000000000;56371
0000000000000000000000000000;56440
;
0000000011000000001100000000;69465
0000000011000000001100000000;69531
0000000010000000001000000000;69581
0000000010000000001000000000;69632
0000000110000000001000000000;69698
0000000100000000001000000000;69751
0000000100000000001000000000;69815
0000001000000000010000000000;69865
0000000000000000000000000000;69932
0000000000000000001000000000;69999
0000010000000000001000000000;70049
0000010000000000001000000000;70116
0000010000000000001100000000;70183
0000010000000000000110000000;70233
0000110000000000000010000000;70282
0000010000000000000010000000;70350
0000011000000000000010000000;70400
0000011000000000000011000000;70466
0000001000000000000010000000;70516
0000001100000000000011000000;70584
0000000100000000000011000000;70651
0000000100000000000011000011;70700
0000000110000000000011000011;70767
0000000110000000000011000011;70833
0000000110000000000011000011;70884
0000000110000000000011000011;70950
0000000100000000000011000000;70997
0000001100000000000010000000;71067
0000011000000000000010000000;71114
0000011000000000000010000000;71184
0000010000000000000010000000;71251
0000110000000000000011000000;71301
0000110000000000000001000000;71364
0000110000000000000011100000;71431
0000110000000000000010100000;71481
0000010000000000000000010000;71532
0000011000000000000000001000;71615
0000001000000000000000001000;71664
0000001000000000000000001011;71714
0000001100000000000000001011;71765
0000000100000000000000001011;71831
0000000000000000000000001011;71898
0000000010000000000000001011;71947
0000000010000000000000001011;72014
0000000010000000000000011000;72082
0000000011000000000000010000;72131
0000000011000000000000010000;72198
0000000011000000000000010000;72247
0000000011000000000000010000;72316
0000000011000000000000010000;72369
0000000011000000000000010000;72436
0000000010000000000000000011;72486
0000000000000000000000000000;72536
;
0000000100000000001000000000;76659
0000000100000000001100000000;76710
0000000100000000001000000000;76777
0000000100000000001100000000;76827
0000000100000000001100000000;76893
0000000100000000001100000000;76944
0000000100000000001100000000;77008
0000000110000000001100000000;77061
0000000110000000001100000000;77127
0000000110000000001100000011;77194
0000000110000000000110000011;77244
0000000110000000000111000011;77311
0000000010000000000111000011;77358
0000000010000000000011000011;77428
0000000010000000000011000011;77475
0000000001000000000001000011;77545
0000000001000000000001000011;77611
0000000001000000000001000011;77661
0000000001100000000001000011;77725
0000000000000000000000000011;77775
0000000000000000000000000011;77842
0000000000100000000010000011;77908
0000000001000000000100000011;77960
0000000001100000000100000011;78012
0000000001000000000100000011;78074
0000000001000000000100000000;78146
0000000011000000000100000000;78195
0000000011000000000100000000;78262
0000000010000000000100000000;78311
0000000110000000000110000000;78379
0000000110000000000110000000;78442
0000000100000000000111000000;78508
0000001100000000000111000000;78559
0000001100000000000011000000;78612
0000001100000000000011000000;78675
0000001100000000000001000000;78725
0000001000000000000001000000;78792
0000001000000000000001000000;78861
0000010000000000000001000000;78911
0000010000000000000001000000;78977
0000010000000000000001000000;79044
0000100000000000000001000000;79093
0000100000000000000010000000;79162
0000100000000000000010000000;79208
0001100000000000000010000000;79259
0000100000000000000110000000;79326
0000100000000000000110000000;79375
0000110000000000000110000000;79443
0000110000000000000110000000;79511
0000111000000000000110000000;79561
0000011000000000000110000000;79626
0000011000000000000110000000;79693
0000011000000000000111000000;79741
0000001100000000000111000000;79813
0000001100000000000111000000;79861
0000001100000000000101000000;79927
0000001100000000000101000000;79976
0000000100000000000001100000;80046
0000000110000000000001110000;80110
0000000110000000000001110000;80161
0000000110000000000000110000;80212
0000000010000000000000110000;80277
0000000011000000000000110000;80344
0000000011000000000000111000;80410
0000000011000000000000111000;80459
0000000011000000000000111000;80510
0000000011000000000000011000;80577
0000000001000000000000000000;80627
0000000000000000000000000000;80693
;
0001100000000000000110000000;85035
0001100000000000000110000000;85085
0000100000000000000110000000;85153
0000110000000000000110000000;85219
0000110000000000000110000000;85270
0000011000000000000110000000;85337
0000011000000000000110000000;85403
0000001100000000000100000000;85452
0000001110000000000100000000;85519
0000000110000000000100000000;85569
0000000110000000000110000000;85636
0000000110000000000110000000;85686
0000000110000000000110000000;85755
0000000110000000000110000000;85821
0000000110000000000110000000;85871
0000000110000000000110000000;85923
0000000110000000000110000000;85990
0000000110000000000110000000;86053
0000000110000000000111000000;86104
0000000110000000000111000000;86187
0000000110000000000011100000;86220
0000000110000000000111100000;86287
0000000110000000000101110000;86337
0000000110000000000101110000;86403
0000000110000000000101111000;86470
0000000110000000000101111000;86520
0000001110000000000101111000;86586
0000001110000000000101101100;86637
0000000110000000000000000000;86704
0000000000000000000000000000;86756
0000000000000000000000000000;86820
0000000000000000000000000000;86870
0000000000000000000000000000;86937
0000000000000000000000000000;86987
;
0000100000000000000000110000;90456
0000100000000000000000110000;90503
0000100000000000000000110000;90571
0000010000000000000000010000;90621
0000001000000000000000010000;90688
0000001000000000000000010000;90754
0000001100000000000000010000;90807
0000000110000000000000010000;90854
0000000110000000000000010000;90920
0000000110000000000000010000;90970
0000000110000000000000010000;91038
0000000110000000000000110000;91088
0000000100000000000000110011;91155
0000000100000000000000100011;91221
0000000100000000000000100011;91270
0000000100000000000001100011;91338
0000000100000000000001100011;91405
0000000100000000000001100011;91454
0000000100000000000001100011;91520
0000000100000001100011000011;91587
0000001100000001000111000011;91638
0000001100000001100111000011;91703
0000001100000001100111000011;91754
0000001100000000001111000011;91820
0000001110000000001111000011;91871
0000001110000000011111000011;91937
0000001110000000011101000011;91988
0000000110000000001000000011;92055
0000000000000000000000000000;92104
0000000000000000000000000000;92173
0000000000000000000000000000;92221
0000000000000000000000000000;92288
0000000000000000000000000000;92354
0000000000000000000000000000;92404
;
0000000001000000000110000000;95854
0000000001000000000110000000;95921
0000000001000000000110000000;95975
0000000001000000000110000000;96037
0000000001000000000111000000;96088
0000000001000000000111000000;96154
0000000011000000000111000000;96221
0000000011000000000101000000;96274
0000000111000000000001000000;96338
0000000111000000000101000000;96388
0000000100000000000101100000;96455
0000000100000000000001100000;96505
0000001000000000000000100000;96571
0000011000000000000000100000;96639
0000011000000000000000100000;96687
0000001000000000000000100000;96755
0000001000000000000001000000;96821
0000001000000000000001000000;96871
0000001000000001100001000000;96937
0000001000000001100001000000;96989
0000001000000001100001000000;97054
0000011000000000000010000000;97104
0000010000000000000010000000;97171
0000111000000000100100000011;97221
0000011000000001000100000011;97290
0000001000000000001110000011;97339
0000001100000000001100000011;97404
0000001100000000001100000011;97471
0000000100000000001100000011;97522
0000000110000000000100000011;97588
0000000110000000000100000011;97638
0000000010000000000110000011;97704
0000000010000000000110000011;97754
0000000011000000000111000011;97822
0000000011000001000101000011;97888
0000000011000000000101110011;97937
0000000001100001000001110000;98005
0000000001100000000001110000;98056
0000000001100000000001110000;98121
0000000001100000000000111000;98188
0000000001100000000000111000;98237
0000000001100000000000111000;98288
0000000001100000000000011011;98355
0000000001000000000000000011;98406
0000000000000000000000000011;98471
0000000000000000000000000011;98539
0000000000000000000000000011;98588
0000000000000000000000000011;98654
0000000000000000000000000011;98722
0000000000000000000000000011;98771
0000000000000000000000000011;98838
0000000000000000000000000000;98889
;
0000000000100000000110000000;104606
0000000000100000000110000011;104657
0000000000100000000110000011;104708
0000000000100000000110000011;104773
0000000000100000000010000011;104839
0000000000100000000010000011;104889
0000000001100000000010000000;104957
0000000001100000000010000000;105023
0000000001000000000001000000;105073
0000000001000000000001000000;105141
0000000011000000000001100000;105191
0000000011000000000000100000;105257
0000000010000000000000100000;105307
0000000100000000000000100000;105374
0000000100000000000000100000;105423
0000000100000000000000100000;105491
0000001000000000000000100000;105541
0000001000000000000001100000;105607
0000001000000000000001000000;105674
0000010000000000000001000000;105725
0000010000000001100011000000;105791
0000010000000000000011000000;105842
0000010000000000000011000000;105908
0000010000000001100111000000;105972
0000010000000000100110000000;106022
0000011000000000000110000000;106075
0000011000000000000110000000;106141
0000011000000000001110000000;106192
0000011000000000001110000000;106273
0000011000000000001110000000;106323
0000001100000000001100000000;106375
0000001100000000001100000000;106442
0000000100000000001100000000;106505
0000000100000000001100000000;106556
0000000110000000001100000000;106623
0000000110000000000100000000;106674
0000000010000000000100000000;106739
0000000011000000000100000000;106790
0000000001000000000110000000;106857
0000000001000000000110000000;106922
0000000001000000000110000011;106972
0000000001100000000110000011;107038
0000000001100000000111000011;107106
0000000001100000000101000011;107156
0000000001100000000101000011;107222
0000000001100000000101000011;107271
0000000001100000000101010011;107339
0000000001100000000101000011;107390
0000000001110000000101110011;107456
0000000001110000000101110011;107506
0000000001110000000101110011;107572
0000000001100000000101010011;107622
0000000000000000000000000000;107689
;
0000000000110000000100000000;112498
0000000000110000000110000000;112564
0000000000110000000010000000;112631
0000000000110000000010000000;112700
0000000000110000000011000000;112750
0000000000110000000011000000;112801
0000000000110000000001000000;112864
0000000000110000000001000000;112915
0000000000110000000001110011;112982
0000000000110000000001110000;113048
0000000000100000000000110000;113098
0000000000100000000000110000;113148
0000000001100000000000010000;113214
0000000001000001100000010000;113284
0000000001000001100000010000;113332
0000000011000000000000010000;113399
0000000010000000000000010000;113464
0000000110000000000000010000;113514
0000000100000000000000010000;113582
0000000100000000000000100000;113633
0000001000000000000000100000;113701
0000001000000000000000000000;113755
0000001000000000000001000000;113804
0000011000000000000011000000;113872
0000011000000000000011000000;113938
0000010000000000000010000000;113989
0000011000000001000110000000;114054
0000011000000001100110000000;114102
0000011000000001100110000000;114172
0000001100000001000110000000;114221
0000001100000001100100000000;114289
0000000100000000001100000000;114356
0000000110000000001100000000;114422
0000000110000000000100000000;114472
0000000110000000000100000000;114522
0000000010000000000100000000;114589
0000000011000000000100000000;114656
0000000011000000000110000000;114706
0000000011000000000110000000;114756
0000000010000000000110000000;114823
0000000011000000000111000000;114889
0000000011000000000011000000;114937
0000000011000000000001100000;115006
0000000011000000000001100000;115052
0000000011000000000101100000;115139
0000000011000000000000100000;115186
0000000011000000000000000000;115237
0000000000000000000000000000;115303
;
0000000011000000000100000000;122020
0000000011000000000100000000;122087
0000000011000000000100000000;122136
0000000011000000000100000000;122203
0000000011000000000110000000;122255
0000000011000000000111000000;122321
0000000011000000000011000000;122370
0000000011000000000101000000;122437
0000000011000000000101110000;122507
0000000011000000000100110000;122554
0000000011000000000100110000;122620
0000000011000000000101110000;122670
0000000011000000000100110000;122737
0000000011000000000000010000;122790
0000000011000000000000010000;122854
0000000010000000000000010000;122907
0000000100000000000000100000;122970
0000000100000000000000100000;123040
0000001100000000000001000000;123087
0000011000000001100010000000;123158
0000011000000000000110000000;123204
0000110000000000000110000000;123270
0000110000000000001110000000;123320
0000110000000000001110000000;123387
0000110000000000001110000000;123457
0000110000000000000110000000;123504
0000110000000000000110000000;123571
0000110000000000000110000000;123621
0000110000000000000110000000;123688
0000110000000000000110000000;123755
0000110000000000000110000000;123804
0000110000000000000110000000;123872
0000110000000000000010000000;123922
0000110000000000000011000000;123988
0000110000000000000011100000;124039
0000110000000000000011110000;124105
0000111000000000000010010000;124157
0000110000000000000010010000;124221
0000010000000000000000011000;124270
0000010000000000000000000000;124338
0000000000000000000000000000;124388
;
0000010000000000001000000000;127844
0000010000000000001000000000;127911
0000010000000000001000000000;127961
0000010000000000001100000000;128027
0000010000000000001100000000;128078
0000011000000000001110000000;128145
0000011000000000000110000000;128194
0000011000000000000110000000;128259
0000001000000000000111000000;128328
0000001100000000000101000000;128376
0000000100000000000001000000;128445
0000000110000000000001000000;128508
0000000110000000000001000000;128560
0000000110000000000001000000;128629
0000000010000000000001000000;128679
0000000010000000000011000000;128742
0000000010000000000010000000;128795
0000000010000000000110000000;128862
0000000110000000000110000000;128909
0000000100000000000110000000;128976
0000001100000000000110000000;129027
0000001100000000000110000000;129096
0000001000000000000110000000;129158
0000001000000000000110000000;129208
0000011000000000000110000000;129276
0000011000000000000110000000;129326
0000010000000000000110000000;129392
0000010000000000000010000000;129460
0000010000000000000010000000;129509
0000010000000000000011000000;129576
0000010000000000000011000000;129642
0000011000000000000011000000;129692
0000010000000000000001100000;129760
0000011000000000000000100000;129811
0000011000000000000000110000;129876
0000001000000000000000110000;129926
0000001100000001100000110000;129993
0000001100000001100000010000;130044
0000000100000000000000010000;130099
0000000110000000000000010000;130165
0000000110000000000000010000;130232
0000000010000000000000010000;130282
0000000011000000000000010000;130349
0000000011000000000000010000;130416
0000000001000001000000010000;130465
0000000001000000000000011000;130532
0000000001000001100000010000;130582
0000000001000000000000010000;130632
0000000001000000000000010000;130696
0000000000000000000000000000;130765
;
0000000001000000000110000000;136283
0000000001000000000110000000;136350
0000000011000000000110000000;136416
0000000011000000000100000000;136466
0000000011000000000100000000;136534
0000000110000000000100000000;136601
0000000100000000001100000000;136635
0000000100000000001100000000;136716
0000001100000000001100000000;136766
0000001100000000001100000000;136833
0000001000000000001100000000;136883
0000001000000000001100000000;136950
0000011000000000001100000000;137002
0000011000000000000110000000;137068
0000110000000000000110000000;137117
0000111000000000000110000000;137184
0000111000000000000110000000;137234
0000111000000000000110000000;137300
0000101000000000000101000000;137367
0000001000000000000101000000;137434
0000001100000000000001000000;137485
0000001100000000000001000000;137535
0000001100000000000001000000;137600
0000000110000000000001100000;137652
0000000110000000000001100000;137718
0000000010000000000001100000;137769
0000000010000000000001100000;137834
0000000011000000000001100000;137885
0000000011000000000001100000;137950
0000000011000000000001100000;138033
0000000011000000000001100000;138066
0000000010000000000001100000;138132
0000000110000000000001100000;138184
0000000100000000000001100000;138250
0000000100000000000001100000;138319
0000001100000000000001100000;138366
0000001000000000100001100000;138435
0000001000000000000000000000;138499
0000000000000000000000100000;138549
0000010000000000000000100000;138620
0000010000000000100001100000;138667
0000010000000000000000100000;138735
0000110000000000000000010000;138782
0000110000000000000000011000;138850
0000010000000000000000001000;138900
0000011000000000100000001000;138967
0000011000000000000000001000;139035
0000011000000000000000001000;139082
0000001000000000000000001000;139136
0000001000000000000000001000;139200
0000001100000000000000001000;139266
0000000100000000000000001000;139332
0000000100000001100000001000;139384
0000000110000001100000001000;139450
0000000010000001100000001000;139500
0000000010000001100000001000;139566
0000000011000001100000001000;139616
0000000011000000000000001011;139684
0000000011000000000000001011;139750
0000000011000000000000001011;139800
0000000011000000000000001011;139867
0000000011000000000000001011;139933
0000000011000000000000000000;139983
0000000000000000000000000000;140034
;
0000000100000000001100000000;144805
0000000100000000001100000000;144856
0000000100000000001100000000;144906
0000000100000000001100000000;144972
0000000100000000001100000000;145038
0000000100000000001100000000;145090
0000000100000000001100000000;145156
0000000100000000001100000000;145205
0000000110000000000100000000;145272
0000000110000000000100000000;145323
0000000110000000000100000000;145390
0000000110000000000110000000;145456
0000000110000000000110000000;145524
0000000010000000000111000000;145571
0000000010000000000111000000;145640
0000000010000000000111000000;145688
0000000011000000000101000000;145743
0000000001000000000101100000;145809
0000000000000000000000000000;145876
0000000001000000000000000000;145926
0000000000000000100000000000;145978
0000000000000001100000000000;146044
0000000000000001100000000000;146109
0000000000000001100000000000;146159
0000000000100001100001000000;146225
0000000000000000100000000000;146276
0000000000000000000000000000;146343
0000000000100000000010000000;146409
0000000001100000000110000000;146459
0000000001000000000100000000;146526
0000000001000000000110000000;146575
0000000011000000000110000000;146643
0000000011000000000110000000;146692
0000000010000000000110000000;146760
0000000010000000000110000000;146809
0000000110000000000110000000;146877
0000000110000000000010000000;146943
0000000110000000000011000000;146993
0000000100000000000011000000;147059
0000000100000000000001000000;147111
0000001100000000000001000000;147176
0000001100000000000001000000;147226
0000001100000000000011000000;147293
0000011100000000000011000000;147360
0000010000000000000011100000;147410
0000010000000000000011100000;147474
0000010000000000000011100000;147527
0000010000000000000011100000;147590
0000010000000000000011100000;147657
0000010000000000000011000000;147710
0000010000000000000011000000;147760
0000010000000000000011100000;147827
0000010000000000000001000000;147876
0000010000000000000011000000;147940
0000010000000000000011000000;148007
0000010000000000000010000000;148056
0000110000000000000110000000;148123
0000011000000000000110000000;148173
0000001000000000000110000000;148257
0000001100000000000110000000;148310
0000001100000000000110000000;148363
0000000100000000000111000000;148429
0000000100000000000111000000;148479
0000000110000000000101000000;148544
0000000110000000000101100011;148612
0000000110000000000101110011;148662
0000000110000000000101110011;148712
0000000011000000000001111011;148778
0000000011000000000001111111;148846
0000000011000000000001011100;148894
0000000011000000000000000000;148962
0000000000000000000000000000;149010
;
0000100000000000000010000000;171845
0000100000000000000110000000;171910
0000100000000000000110000000;171967
0000100000000000000110000000;172017
0000110000000000000110000000;172084
0000110000000000000100000000;172134
0000110000000000000110000000;172201
0000011000000000000100000000;172265
0000001100000000000100000000;172318
0000001100000000000100000000;172384
0000000110000000000100000000;172435
0000000110000000000100000000;172498
0000000110000000000100000000;172581
0000000110000000000100000000;172614
0000000110000000000100000000;172681
0000000110000000000100000000;172748
0000000110000000000100000000;172802
0000000110000000000100000000;172865
0000000110000000000110000000;172935
0000000110000000000110000000;172982
0000000110000000000011000000;173035
0000000110000000000011100000;173099
0000000110000000000001100000;173165
0000000110000000000001100000;173215
0000000110000000000001110000;173265
0000000110000000000001110000;173337
0000000110000000000001110000;173398
0000000110000000000000110000;173448
0000000110000000000000000000;173515
0000000000000000000000000000;173582
0000000000000000000000000000;173631
0000000000000000000000000000;173699
0000000000000000000000000000;173747
0000000000000000000000000000;173814
;
0000010000000000000000100000;176666
0000000000000000000001100000;176734
0000001000000000000000000000;176782
0000001100000000000001100000;176850
0000000100000000000000100000;176901
0000000100000000000000100000;176965
0000000100000000000000100000;177016
0000000100000000000000100000;177083
0000000100000000000000100000;177149
0000000100000000000000100000;177200
0000000100000000000000100000;177267
0000000100000000000000100000;177319
0000000100000000000001100000;177385
0000000100000000000001000000;177434
0000000100000000000001000000;177501
0000000100000000000011000000;177551
0000001100000000000111000000;177617
0000001100000000000111000000;177664
0000001100000000000111000000;177734
0000000100000000001101000000;177801
0000000100000000001101000000;177848
0000000100000000000000000000;177915
0000000000000000000000000000;177981
0000000000000000000000000000;178032
0000000000000000000000000000;178102
0000000000000000000000000000;178148
0000000000000000000000000000;178215
0000000000000000000000000000;178264
0000000000000000000000000000;178349
0000000000000000000000000000;178383
0000000000000000000000000000;178449
0000000000000000000000000000;178498
0000000000000000000000000000;178568
0000000000000000000000000000;178632
;
0000000000100000000110000000;183202
0000000000100000000010000000;183265
0000000001100000000010000000;183334
0000000001000000000011000000;183386
0000000001000000000001000000;183434
0000000011000000000001000000;183515
0000000010000000000001000000;183566
0000000110000000000001000000;183619
0000000110000000000001000000;183682
0000000100000000000001000000;183733
0000001100000000000001000000;183801
0000001000000000000001000000;183865
0000001000000000000000000000;183917
0000010000000000000010000000;183983
0000110000000000000010000000;184032
0000110000000000000010000000;184099
0000110000000000000110000000;184169
0000111000000000000100000000;184216
0000011000000000000100000000;184283
0000001000000000001100000000;184333
0000001000000000001100000000;184400
0000001100000000001100000000;184449
0000000100000000001100000000;184515
0000000100000000001000000000;184583
0000000100000000001100000000;184632
0000000010000000001100000000;184684
0000000010000000000100000000;184749
0000000011000000000100000000;184816
0000000011000000000100000000;184866
0000000011000000000100000000;184933
0000000001000000000110000000;184999
0000000001000000000110000000;185049
0000000001000000000011000000;185115
0000000001100000000001000000;185169
0000000000100000000001000000;185232
0000000000100000000000100000;185283
0000000000100000000000110000;185349
0000000000100000000000110000;185416
0000000000100000000000110000;185467
0000000000110000000000010000;185533
0000000000110000000000010000;185582
0000000000110000000000010000;185649
0000000000110000000000010000;185700
0000000000100000000000000000;185769
0000000000000000000000000000;185816
;
0000000000110000000010000000;188666
0000000000110000000010000000;188732
0000000000110000000011000000;188801
0000000000110000000001000000;188849
0000000000110000000001000000;188916
0000000000100000000001000000;188965
0000000000100000000001100000;189033
0000000001100000000000110000;189083
0000000001100000000000010000;189151
0000000001000000000000110000;189217
0000000011000000000000010000;189266
0000000011000000000000010000;189333
0000000010000000000000010000;189386
0000000110000000000000010000;189449
0000000100000000000000100000;189517
0000001000000000000000100000;189567
0000001000000000000001000000;189633
0000001000000000000001000000;189682
0000001000000000000001000000;189750
0000001000000000000011000000;189801
0000011000000000000011000000;189867
0000011000000000000010000000;189916
0000011000000000000110000000;189983
0000011000000000000110000000;190050
0000001000000000000110000000;190099
0000001100000000001100000000;190168
0000001100000000001100000000;190216
0000000100000000001100000000;190283
0000000110000000001100000000;190335
0000000010000000001100000000;190400
0000000010000000001100000000;190466
0000000011000000000100000000;190516
0000000011000000000100000000;190582
0000000011000000000110000000;190632
0000000011000000000110000000;190700
0000000011000000000011000000;190766
0000000011000000000001000000;190816
0000000011000000000001000000;190882
0000000011000000000001100000;190933
0000000011000000000001000000;190985
0000000010000000000000000000;191050
0000000000000000000000000000;191117
;
0000000001100000001100000000;193486
0000000001100000001100000000;193553
0000000001100000000100000000;193616
0000000001100000000100000000;193686
0000000001100000000100000000;193720
0000000001100000000110000000;193804
0000000001100000000011000000;193854
0000000000100000000001100000;193916
0000000001100000000001110000;193966
0000000001100000000000110000;194033
0000000001100000000000011000;194083
0000000001100000000000010000;194150
0000000001100000000000010000;194200
0000000001100000000000010000;194267
0000000001100000000000010000;194333
0000000001100000000000110000;194383
0000000001000000000000110000;194453
0000000001000000000000110000;194500
0000000001000000000001110000;194566
0000000011000000000001000000;194618
0000000010000000000001000000;194683
0000000110000000000011000000;194735
0000000100000000000111000000;194801
0000001100000000000111000000;194852
0000001100000000000101000000;194917
0000001100000000000101000000;194984
0000001100000000000101000000;195033
0000001100000000000110000000;195101
0000001000000000000110000000;195150
0000001000000000000110000000;195217
0000001000000000000111000000;195284
0000001000000000000110000000;195333
0000001100000000000110000000;195402
0000001100000000000110000000;195450
0000001100000000000110000000;195517
0000001000000000000111000000;195584
0000001100000000000111000000;195633
0000001100000000000111100000;195701
0000001100000000000001010000;195751
0000001000000000000001001000;195818
0000001000000000000000001000;195867
0000001000000000000000001000;195919
0000001000000000000000001000;195986
0000001000000000000000001000;196052
0000001000000000000000000000;196102
0000000000000000000000000000;196170
;
0000001000000000001100000000;198544
0000001000000000001100000000;198595
0000001000000000001100000000;198661
0000001000000000000100000000;198728
0000001000000000000100000000;198778
0000001100000000000110000000;198845
0000001100000000000110000000;198911
0000001100000000000111000000;198961
0000000100000000000011000000;199013
0000000100000000000011000000;199078
0000000110000000000001000000;199145
0000000110000000000001000000;199212
0000000010000000000001000000;199262
0000000011000000000001000000;199312
0000000011000000000001000000;199379
0000000001000000000001000000;199429
0000000001000000000001000000;199496
0000000001000000000011000000;199560
0000000001000000000110000000;199613
0000000011000000000110000000;199680
0000000011000000000110000000;199729
0000000111000000000100000000;199796
0000000110000000000100000000;199847
0000000110000000000100000000;199911
0000001100000000000100000000;199980
0000001100000000000110000000;200030
0000001000000000000110000000;200094
0000001000000000000110000000;200147
0000011000000000000110000000;200210
0000011000000000000110000000;200277
0000011000000000000111000000;200330
0000001000000000000111000000;200397
0000001100000000000111000000;200444
0000001100000000000011000000;200514
0000001100000000000001100000;200561
0000001100000000000001110000;200628
0000000100000000000001110000;200677
0000000110000000000001010000;200763
0000000010000000000000011000;200811
0000000011000000000000011000;200860
0000000011000000000000011000;200928
0000000001000000000000011000;200977
0000000001000000000000011000;201047
0000000001000000000000011000;201097
0000000001000000000000001000;201160
0000000000000000000000000000;201227
;
0000000001000000000100000000;203595
0000000001000000000100000000;203661
0000000001000000000100000000;203712
0000000001000000000100000000;203781
0000000011000000000100000000;203830
0000000011000000000100000000;203897
0000000010000000000100000000;203964
0000000110000000000100000000;204032
0000000100000000001100000000;204082
0000001100000000001100000000;204130
0000001000000000001100000000;204197
0000001000000000001100000000;204248
0000001000000000000100000000;204315
0000001000000000000100000000;204380
0000011000000000000100000000;204431
0000011000000000000110000000;204481
0000011000000000000111000000;204548
0000001000000000000101000000;204614
0000001100000000000101000000;204664
0000001100000000000001000000;204733
0000000110000000000001000000;204797
0000000110000000000001000000;204848
0000000010000000000001000000;204914
0000000011000000000001000000;204964
0000000011000000000001000000;205031
0000000011000000000001000000;205097
0000000011000000000001000000;205148
0000000011000000000001000000;205214
0000000110000000000001000000;205265
0000000110000000000001000000;205331
0000001100000000000001000000;205382
0000001100000000000001000000;205448
0000001000000000000001000000;205498
0000010000000000000001000000;205565
0000010000000000000000100000;205631
0000010000000000000000100000;205682
0000010000000000000000110000;205731
0000011000000000000000010000;205799
0000011000000000000000010000;205881
0000001000000000000000011000;205915
0000001100000000000000001000;205982
0000000100000000000000001000;206048
0000000100000000000000001000;206099
0000000010000000000000001000;206165
0000000010000000000000001000;206215
0000000010000000000000001000;206284
0000000010000000000000001000;206334
0000000010000000000000001000;206384
0000000010000000000000001000;206467
0000000010000000000000001000;206515
0000000010000000000000001000;206566
0000000010000000000000000000;206633
0000000000000000000000000000;206700
;
0000000100000000001100000000;209082
0000000100000000001100000000;209131
0000000100000000001100000000;209198
0000000100000000001100000000;209248
0000000110000000000100000000;209315
0000000110000000000110000000;209366
0000000110000000000111000000;209431
0000000110000000000011000000;209481
0000000010000000000011000000;209548
0000000010000000000001000000;209616
0000000011000000000001000000;209665
0000000011000000000000000000;209715
0000000001000000000000000000;209782
0000000000000000000000000000;209848
0000000000000000000001000000;209898
0000000000100000000001000000;209965
0000000000100000000001000000;210014
0000000000000000000000000000;210082
0000000000100000000010000000;210148
0000000001000000000110000000;210200
0000000001000000000110000000;210265
0000000001000000000110000000;210318
0000000011000000000110000000;210382
0000000010000000000110000000;210449
0000000111000000000110000000;210499
0000000111000000000110000000;210548
0000000100000000000011000000;210616
0000000100000000000011000000;210682
0000000100000000000011000000;210732
0000001100000000000001000000;210798
0000001100000000000001000000;210849
0000011100000000000011000000;210915
0000011000000000000011000000;210982
0000011000000000000011000000;211032
0000011000000000000011000000;211099
0000011000000000000011000000;211149
0000011000000000000011000000;211215
0000011000000000000011000000;211266
0000011000000000000011000000;211333
0000011000000000000011000000;211399
0000011000000000000010000000;211449
0000011000000000000110000000;211516
0000011000000000000110000000;211568
0000011100000000000110000000;211635
0000001100000000000100000000;211683
0000000100000000000110000000;211750
0000000110000000000110000000;211800
0000000110000000000010000000;211867
0000000110000000000011000000;211915
0000000110000000000011000000;211983
0000000110000000000011000000;212050
0000000110000000000011000000;212101
0000000010000000000001100000;212167
0000000011000000000001110000;212234
0000000011000000000000110000;212284
0000000001000000000000111000;212351
0000000001000000000000011100;212401
0000000001000000000000010000;212451
0000000000000000000000000000;212516
;
0000000000000000000000000000;234285
0000000000000000000000000000;234337
0000000000000000000000000000;234401
0000000000000000000000000000;234470
0000000000000000000000000000;234520
0000000000000000000000000000;234587
0000000000000000000000000000;234637
0000000000000000000000000000;234704
0000000000000000000000000000;234771
0000000000000000000000000000;234820
0000001000000010000000000000;234887
0000000000000000000000000000;234937
0000000000000000000000000000;235004
0000000000000000000000000000;235054
0000000000000000000000000000;235121
0000000000000000000000000000;235171
0000000000000000000000000000;235235
0000000000000000000000000000;235302
0000001000000010000000000000;235354
0000001000000010000000000000;235422
0000000000000000000000000000;235471
0000000000000000000000000000;235536
0000000000000000000000000000;235585
0000001000000000000000000000;235652
0000000000000000000000000000;235719
0000000000000000000000000000;235768
0000000000000000000000000000;235835
0000000000000000000000000000;235885
0000000000000000000000000000;235952
0000000000000000000000000000;236018
0000000000000000000000000000;236068
0000000000000000000000000000;236136
0000000000000000000000000000;236188
0000000000000000000000000000;236254
;
0000000010000000100000000000;259546
0000000010000000100000000000;259631
0000000010000000100000000000;259663
0000000010000000100000000000;259729
0000000010000000100000000000;259796
0000000010000000100000000000;259847
0000000010000000100000000000;259914
0000000010000000100000000000;259963
0000000010000000100000000000;260031
0000000010000000100000000000;260096
0000000010000000100000000000;260149
0000000010000000100000000000;260213
0000000010000000100000000000;260281
0000000010000000100000000000;260331
0000000010000000100000000000;260398
0000000010000000100000000000;260446
0000000010000000100000000000;260497
0000000010000000100000000000;260563
0000000010000000100000000000;260630
0000000010000000100000000000;260682
0000000010000000100000000000;260747
0000000010000000100000000000;260798
0000000010000000100000000000;260863
0000000010000000100000000000;260914
0000000010000000100000000000;260982
0000000010000000100000000000;261047
0000000010000000100000000000;261097
0000000010000000100000000000;261165
0000000010000000100000000000;261215
0000000010000000100000000000;261281
0000000010000000100000000000;261331
0000000010000000100000000000;261398
0000000010000000000000000000;261448
0000000000000000000000000000;261514
;
0000001000101000000000000000;267347
0000000000101000000000000000;267415
0000000000000000000000000000;267465
0000000000000000000000000000;267516
0000000000000000000000000000;267583
0000000000000000000000000000;267634
0000000000000000000000000000;267699
0000000000000000000000000000;267750
0000000000000000000000000000;267817
0000000000000000000000000000;267883
0000000000000000000000000000;267950
0000000000000000000000000000;267999
0000000000000000000000000000;268064
0000000000000000000000000000;268117
0000000000000000000000000000;268184
0000000000000000000000000000;268231
0000000000000000000000000000;268298
0000000000000000000000000000;268348
0000000000000000000000000000;268417
0000000000000000000000000000;268482
0000000000000000000000000000;268533
0000000000000000000000000000;268598
0000000000000000000000000000;268648
0000000000000000000000000000;268715
0000000000000000000000000000;268766
0000000000000000000000000000;268832
0000000000000000000000000000;268882
0000000000000000000000000000;268948
0000000000000000000000000000;268997
0000000000000000000000000000;269068
0000000000000000000000000000;269131
0000000000000000000000000000;269181
0000000000000000000000000000;269248
0000000000000000000000000000;269315
;
0010000000000000000010000000;273418
0010000000000000000010000000;273468
0010000000000000000010000000;273535
0010000000000000000010000000;273585
0010000000000000000010000000;273634
0010000000000000000010000000;273718
0010000000000000000010000000;273765
0010000000000000000010000000;273818
0010000000000000000110000000;273882
1010000000000000010110000000;273950
1110000000000000010110000000;273998
1110000000000000010110000000;274064
1110000000000000010110000000;274119
1110000000000000010000000000;274184
0000000000000000000000000000;274249
0000000000000000000000000000;274298
0000000000000000000000000000;274365
0000000000000001000000000000;274416
1000000000000001000000000000;274483
1000000000000001000000000000;274534
1000000000000011000000000000;274603
1100000000000011000000000000;274654
1100000000000011000000000000;274720
1100000000000011000000000000;274771
1100000000000011000000000000;274836
1100000000000011000000000000;274887
1100000000000011000000000000;274953
1000000000000010000000000000;275020
0000000000000000000000000000;275070
0000000000000000000000000000;275135
0000000000000000000000000000;275187
0000000000000000000000000000;275254
0000000000000000000000000000;275304
0000000000000000000000000000;275371
;
0000010001000000110000000000;275788
0000010001000000110000000000;275839
0000010001000000110000000000;275901
0000010001000000111000000000;275972
0000010001000000111000000000;276019
0000010001000000111000000000;276084
0000010001000000111000000000;276152
0000010001000000110000000000;276202
0000010001000000110000000000;276268
0000000000000000000000000000;276335
0000000000000000000000000000;276385
0000000000000000000000000000;276452
0000000000000000000000000000;276502
0000000000000000000000000000;276552
0000000000000000000000000000;276618
0000000000000000000000000000;276668
0000000000000000000000000000;276743
0000000000000000000000000000;276794
0000000000000000000000000000;276862
0000000000000000000000000000;276928
0000000000000000000000000000;276977
0000000000000000000000000000;277030
0000000000000000000000000000;277093
0000000000000000000000000000;277161
0000000000000000000000000000;277211
0000000000000000000000000000;277277
0000000000000000000000000000;277328
0000000000000000000000000000;277394
0000000000000000000000000000;277446
0000000000000000000000000000;277511
0000000000000000000000000000;277579
0000000000000000000000000000;277628
0000000000000000000000000000;277695
0000000000000000000000000000;277747
;
1000000000000000000000000100;289278
1000000000000000000000000100;289345
1000000000000000000000000100;289411
1000000000000000000000000000;289461
0000000000000000000000000000;289545
0000000000000000000000000000;289578
0000000000000000000000000000;289645
0000000000000000000000000000;289712
0000000000000000000000000000;289762
0000000000000000000000000000;289811
0000000000000000000000000000;289878
0000000000000000000000000000;289929
0000000000000000000000000000;289995
0000000000000000000000000000;290062
0000000000000000000000000000;290112
0000000000000000000000000000;290179
0000000000000000000000000000;290246
0000000000000000000000000000;290296
0000000000000000000000000000;290363
0000000000000000000000000000;290412
0000000000000000000000000000;290480
0000000000000000000000000000;290529
0000000000000000000000000000;290596
0000000000000000000000000000;290647
0000000000000000000000000000;290713
0000000000000000000000000000;290763
0000000000000000000000000000;290830
0000000000000000000000000000;290898
0000000000000000000000000000;290947
0000000000000000000000000000;291013
0000000000000000000000000000;291064
0000000000000000000000000000;291130
0000000000000000000000000000;291181
0000000000000000000000000000;291247
;
