UserID: 2
null;
no;
4.0;17.0;0.0;
4.0;11.0;38.0;
3.5;9.0;118.0;
4.0;7.0;428.0;
3.5;5.0;428.0;
5.0;5.5;479.0;
7.5;6.0;514.0;
9.5;6.0;881.0;
12.0;6.0;881.0;
;
rightAngle;
no;
10.5;16.5;0.0;
11.0;12.5;57.0;
11.0;10.5;346.0;
12.0;6.5;346.0;
9.5;6.0;478.0;
7.0;6.5;677.0;
5.0;6.5;677.0;
3.0;6.5;1033.0;
;
leftAngle;
no;
5.0;7.0;0.0;
7.5;8.5;2.0;
8.5;10.0;2.0;
9.5;12.5;3.0;
8.5;14.0;50.0;
5.5;13.5;406.0;
5.0;12.0;406.0;
4.5;10.0;406.0;
6.0;8.5;406.0;
9.0;7.0;407.0;
12.0;5.0;513.0;
;
slope;
no;
3.0;7.0;0.0;
5.5;6.5;9.0;
7.5;7.0;9.0;
9.0;8.0;10.0;
10.0;10.0;68.0;
10.0;12.5;340.0;
9.0;15.0;340.0;
2.5;11.5;662.0;
4.0;10.5;666.0;
6.5;10.5;695.0;
;
spiral;
no;
2.0;7.0;0.0;
5.0;6.0;3.0;
8.5;6.0;3.0;
10.5;6.5;3.0;
8.0;10.5;344.0;
5.5;13.0;345.0;
2.0;15.0;683.0;
5.5;15.0;688.0;
9.0;14.5;688.0;
11.0;14.5;689.0;
;
z;
no;
5.5;13.0;0.0;
7.5;11.0;2.0;
7.5;10.5;3.0;
6.0;9.0;57.0;
4.0;10.0;361.0;
3.5;12.5;362.0;
5.5;13.0;362.0;
7.5;11.5;414.0;
8.5;9.5;752.0;
10.0;8.0;752.0;
;
pigtail;
no;
1.0;12.0;0.0;
2.0;13.0;3.0;
2.0;14.0;3.0;
5.5;13.0;101.0;
7.5;11.0;357.0;
8.0;9.5;358.0;
7.5;11.5;393.0;
8.0;13.5;731.0;
10.0;14.0;731.0;
10.666667;12.333333;750.0;
11.5;10.333333;800.0;
12.0;6.5;1036.0;
;
w;
no;
4.0;10.5;0.0;
6.0;10.5;3.0;
8.0;10.0;24.0;
9.5;8.0;339.0;
9.0;6.0;340.0;
7.0;6.5;340.0;
6.5;8.5;392.0;
6.0;10.0;684.0;
6.5;12.0;684.0;
7.0;15.0;685.0;
6.5;16.5;685.0;
4.0;11.5;1081.0;
6.0;11.5;1109.0;
9.0;11.5;1159.0;
10.666667;11.0;1422.0;
;
doubleSlope;
no;
4.0;13.0;0.0;
3.5;11.0;2.0;
3.5;9.0;3.0;
3.5;7.0;357.0;
5.0;6.5;357.0;
8.0;6.5;408.0;
10.0;7.5;458.0;
;
rightAngle;
no;
9.0;14.0;0.0;
8.5;12.5;19.0;
9.0;11.0;83.0;
9.5;9.0;355.0;
8.5;7.5;389.0;
6.5;7.5;674.0;
4.75;7.0;674.0;
;
leftAngle;
no;
5.0;7.5;0.0;
6.5;8.5;338.0;
6.6666665;9.0;338.0;
8.0;11.5;338.0;
9.5;12.5;339.0;
8.0;15.5;425.0;
5.5;14.5;663.0;
4.5;12.5;664.0;
6.5;10.5;998.0;
9.0;9.0;998.0;
10.5;7.5;1015.0;
;
slope;
no;
3.0;7.0;0.0;
4.5;6.5;3.0;
6.0;7.5;4.0;
8.0;8.5;4.0;
9.5;9.5;38.0;
9.5;11.5;87.0;
9.5;15.0;313.0;
8.0;16.5;313.0;
6.0;16.5;347.0;
4.5;15.0;667.0;
3.0;14.0;667.0;
2.5;10.5;670.0;
4.5;10.0;670.0;
;
spiral;
no;
2.5;7.0;0.0;
3.5;7.5;326.0;
6.0;7.5;329.0;
8.666667;8.0;329.0;
7.5;11.0;361.0;
5.5;13.5;420.0;
4.5;15.5;679.0;
2.5;15.5;679.0;
4.5;14.5;679.0;
6.0;14.0;702.0;
9.5;14.5;967.0;
;
z;
no;
5.0;13.5;0.0;
6.0;11.5;3.0;
8.5;10.0;363.0;
7.5;8.5;364.0;
5.5;9.0;364.0;
4.5;11.0;365.0;
5.0;13.0;416.0;
8.0;10.333333;679.0;
9.5;9.0;679.0;
;
pigtail;
no;
2.0;13.5;0.0;
5.5;13.5;3.0;
6.5;11.5;67.0;
7.0;13.5;356.0;
8.5;13.0;428.0;
9.5;11.5;715.0;
10.0;9.5;716.0;
11.5;9.0;717.0;
;
leftAngle;
no;
1.5;11.0;0.0;
2.0;13.0;2.0;
1.5;13.5;5.0;
4.0;15.0;331.0;
5.5;13.5;334.0;
6.0;11.666667;667.0;
6.5;13.5;1040.0;
8.5;14.0;1040.0;
9.5;12.5;1384.0;
10.0;10.0;1385.0;
10.5;8.333333;1385.0;
;
w;
no;
4.0;10.0;0.0;
5.5;10.5;5.0;
6.5;10.5;5.0;
8.5;10.0;140.0;
9.5;8.5;336.0;
10.0;6.5;336.0;
8.5;5.5;403.0;
7.0;7.0;736.0;
6.0;8.5;736.0;
6.5;10.0;736.0;
7.0;12.5;805.0;
8.0;14.0;1064.0;
6.0;15.0;1064.0;
6.0;17.0;1064.0;
4.0;17.0;1435.0;
2.0;15.0;1435.0;
2.0;13.0;1435.0;
4.0;12.5;1772.0;
5.5;13.0;1772.0;
8.0;13.5;1772.0;
11.0;13.0;1773.0;
;
doubleSlope;
no;
4.0;12.0;0.0;
4.5;11.0;349.0;
4.0;9.5;350.0;
3.5;8.0;350.0;
6.6666665;7.5;698.0;
8.666667;7.5;700.0;
;
rightAngle;
no;
9.5;13.5;0.0;
9.5;11.5;365.0;
10.0;10.5;365.0;
10.0;8.5;365.0;
9.5;7.0;399.0;
7.5;6.5;702.0;
4.0;6.5;703.0;
;
w;
no;
5.0;7.0;0.0;
6.0;7.5;377.0;
7.5;8.5;378.0;
8.0;10.25;379.0;
9.5;12.5;411.0;
9.0;15.0;721.0;
6.0;16.5;721.0;
5.0;15.0;721.0;
4.0;13.0;834.0;
4.5;11.0;1070.0;
6.0;9.5;1070.0;
7.5;8.5;1070.0;
9.0;8.0;1140.0;
10.0;6.5;1403.0;
;
slope;
no;
4.0;7.0;0.0;
5.0;6.5;49.0;
6.0;6.5;346.0;
8.0;8.0;346.0;
9.5;10.5;347.0;
9.5;12.5;698.0;
8.5;15.5;699.0;
7.0;15.0;699.0;
4.5;15.0;767.0;
2.0;12.0;1102.0;
2.0;10.0;1103.0;
3.5;8.5;1119.0;
5.5;8.5;1178.0;
;
spiral;
no;
3.0;7.0;0.0;
4.0;7.5;344.0;
5.5;7.5;344.0;
8.0;7.5;344.0;
7.5;10.0;719.0;
6.0;13.0;729.0;
5.0;14.5;730.0;
3.0;15.0;730.0;
4.5;14.5;1067.0;
6.0;15.0;1067.0;
9.5;15.5;1447.0;
;
z;
no;
4.0;14.5;0.0;
5.0;13.0;2.0;
6.5;12.5;2.0;
8.0;10.0;440.0;
7.0;8.666667;441.0;
6.0;7.5;442.0;
4.75;9.5;444.0;
3.5;11.0;510.0;
4.0;12.5;812.0;
6.0;12.5;812.0;
7.5;12.0;812.0;
9.5;9.5;1139.0;
11.0;8.0;1140.0;
12.0;6.5;1141.0;
;
pigtail;
no;
2.5;11.0;0.0;
2.5;12.5;2.0;
2.5;13.0;3.0;
4.5;13.0;391.0;
6.5;11.5;391.0;
8.0;13.0;768.0;
10.0;12.0;812.0;
11.0;9.0;1148.0;
11.5;6.5;1148.0;
;
w;
no;
3.0;10.5;0.0;
4.5;11.0;47.0;
5.5;11.0;358.0;
8.5;11.0;358.0;
9.0;9.5;358.0;
9.5;8.0;359.0;
8.5;6.0;754.0;
6.5;8.5;754.0;
7.0;12.5;772.0;
7.0;14.5;1094.0;
5.5;16.5;1095.0;
3.0;15.0;1127.0;
3.0;13.0;1194.0;
3.5;11.5;1431.0;
6.0;11.0;1431.0;
9.5;11.5;1481.0;
;
