UserID: 2
null;
no;
4.0;10.5;0.0;
3.5;9.5;63.0;
3.5;9.0;144.0;
3.5;7.0;178.0;
5.0;6.5;483.0;
7.5;7.0;580.0;
10.0;7.0;664.0;
;
rightAngle;
no;
9.0;14.0;0.0;
9.0;12.5;170.0;
9.0;11.5;238.0;
9.5;9.5;302.0;
9.0;8.0;643.0;
6.5;7.0;779.0;
4.5;7.0;826.0;
2.5;7.0;948.0;
;
leftAngle;
no;
5.0;8.0;0.0;
6.5;8.5;114.0;
7.5;9.0;114.0;
9.0;10.0;301.0;
9.5;12.5;355.0;
4.0;13.0;650.0;
2.5;10.0;935.0;
4.5;9.0;953.0;
6.5;8.5;1019.0;
8.5;7.5;1120.0;
10.5;7.0;1190.0;
;
slope;
no;
4.5;6.0;0.0;
6.0;6.5;76.0;
8.0;7.0;126.0;
10.0;8.5;238.0;
11.0;10.0;398.0;
10.0;13.0;539.0;
4.5;13.0;762.0;
2.0;9.5;1020.0;
3.5;9.0;1073.0;
6.0;8.5;1189.0;
;
spiral;
no;
3.0;6.0;0.0;
4.5;6.0;90.0;
6.5;6.0;125.0;
8.5;6.0;176.0;
10.0;6.5;305.0;
8.0;9.0;476.0;
5.0;11.0;599.0;
;
rightAngle;
no;
2.0;7.0;0.0;
4.0;6.0;70.0;
6.0;6.0;121.0;
8.5;6.5;173.0;
10.0;7.0;239.0;
8.0;8.5;471.0;
6.5;9.5;568.0;
5.0;11.0;654.0;
3.0;13.0;772.0;
6.0;13.0;1081.0;
8.0;13.0;1130.0;
10.0;13.0;1251.0;
;
z;
no;
7.0;13.0;0.0;
8.0;12.0;56.0;
8.5;11.0;174.0;
9.0;9.5;174.0;
7.5;8.5;332.0;
5.0;9.5;418.0;
3.5;10.5;526.0;
6.0;11.5;705.0;
8.0;11.0;827.0;
10.0;9.0;897.0;
;
pigtail;
no;
1.0;9.5;0.0;
1.0;12.0;185.0;
2.0;13.0;239.0;
4.0;13.0;409.0;
5.5;10.5;577.0;
5.5;8.5;797.0;
5.0;10.0;1085.0;
5.0;12.0;1169.0;
7.0;13.0;1303.0;
10.0;11.0;1483.0;
11.0;9.0;1594.0;
11.0;7.0;1732.0;
;
w;
no;
2.0;10.0;0.0;
3.5;10.0;102.0;
5.5;10.0;164.0;
8.5;9.5;220.0;
10.5;9.5;282.0;
10.0;7.0;482.0;
7.5;7.5;584.0;
6.0;8.5;693.0;
6.0;10.5;822.0;
7.0;13.0;1001.0;
2.0;13.0;1656.0;
4.5;13.0;1772.0;
7.0;13.0;1823.0;
10.0;13.0;1956.0;
;
z;
no;
2.5;7.0;0.0;
5.0;7.0;180.0;
7.5;7.0;241.0;
7.0;5.0;652.0;
6.0;6.5;852.0;
6.5;8.5;954.0;
7.0;10.0;1170.0;
7.0;13.0;1332.0;
4.0;13.0;1435.0;
2.0;11.0;1601.0;
4.5;9.5;1796.0;
7.5;9.5;1896.0;
10.0;9.5;2030.0;
;
doubleSlope;
no;
2.5;9.5;0.0;
3.0;7.5;118.0;
3.0;7.5;182.0;
4.5;7.0;350.0;
6.5;7.0;413.0;
8.5;7.0;464.0;
10.5;7.0;572.0;
;
rightAngle;
no;
10.0;12.0;0.0;
10.0;10.0;177.0;
10.0;9.0;253.0;
10.0;7.0;357.0;
7.0;6.5;662.0;
4.5;6.5;774.0;
2.5;6.5;917.0;
;
leftAngle;
no;
4.0;6.5;0.0;
5.0;7.0;53.0;
6.0;8.0;108.0;
8.5;9.0;239.0;
9.0;11.333333;414.0;
9.0;13.0;550.0;
6.0;14.0;652.0;
4.0;12.0;774.0;
3.5;10.0;944.0;
7.0;8.0;1070.0;
9.0;7.0;1108.0;
11.0;7.0;1221.0;
;
slope;
no;
4.5;6.0;0.0;
7.5;6.5;133.0;
9.0;7.0;184.0;
10.0;9.0;291.0;
11.0;11.0;437.0;
9.0;13.0;650.0;
3.0;10.0;1014.0;
5.5;9.0;1117.0;
;
spiral;
yes;
3.0;6.0;0.0;
5.0;6.5;54.0;
7.0;7.0;160.0;
9.0;7.0;177.0;
9.5;8.5;361.0;
7.0;9.5;487.0;
5.5;10.5;539.0;
4.0;12.0;656.0;
6.0;12.0;1013.0;
8.0;12.5;1112.0;
10.0;12.5;1133.0;
;
z;
no;
6.0;13.0;0.0;
7.0;12.0;116.0;
7.0;11.0;162.0;
6.5;9.0;354.0;
4.5;9.0;419.0;
2.5;10.0;590.0;
4.0;11.0;751.0;
7.5;10.5;818.0;
10.0;7.5;947.0;
12.0;6.0;1011.0;
;
pigtail;
no;
1.0;8.0;0.0;
0.5;10.0;131.0;
0.5;11.0;200.0;
1.0;13.0;249.0;
5.0;10.0;610.0;
6.0;12.0;970.0;
7.5;13.0;1125.0;
9.0;12.0;1193.0;
10.0;10.5;1306.0;
11.0;7.0;1484.0;
;
w;
no;
2.0;9.5;0.0;
3.5;10.0;169.0;
4.5;10.0;253.0;
6.5;10.0;303.0;
8.0;9.5;356.0;
10.0;9.0;478.0;
10.5;7.0;656.0;
7.0;7.5;762.0;
5.5;8.5;843.0;
5.5;10.5;956.0;
7.0;13.0;1128.0;
1.0;13.0;1606.0;
3.0;12.0;1776.0;
5.0;11.5;1865.0;
7.5;11.0;1899.0;
10.5;11.0;2027.0;
;
doubleSlope;
no;
3.0;14.0;0.0;
3.0;11.0;264.0;
3.5;10.5;301.0;
3.5;8.5;427.0;
3.5;6.5;647.0;
7.0;6.5;862.0;
9.0;6.5;897.0;
10.5;7.0;962.0;
;
rightAngle;
no;
10.0;14.0;0.0;
10.0;12.5;142.0;
10.0;12.0;177.0;
9.5;10.0;307.0;
9.5;8.0;455.0;
6.5;7.0;829.0;
4.5;7.0;932.0;
2.5;7.0;1016.0;
;
leftAngle;
no;
4.0;6.5;0.0;
6.5;8.0;123.0;
7.5;9.0;236.0;
9.0;10.0;303.0;
9.0;12.0;406.0;
8.0;14.0;559.0;
2.5;10.0;1057.0;
4.5;9.5;1075.0;
6.5;8.5;1141.0;
9.5;7.5;1216.0;
11.5;7.0;1318.0;
;
slope;
no;
3.0;6.5;0.0;
4.5;6.0;39.0;
6.5;6.0;103.0;
8.5;6.5;174.0;
10.0;8.5;309.0;
10.0;11.0;394.0;
10.0;13.0;480.0;
3.0;13.0;807.0;
2.0;10.0;957.0;
3.5;9.5;991.0;
5.0;10.0;1118.0;
;
spiral;
no;
4.5;6.0;0.0;
6.6666665;6.0;166.0;
9.5;6.0;201.0;
12.0;6.0;336.0;
10.0;8.5;491.0;
8.5;9.5;559.0;
7.0;11.0;648.0;
5.0;12.0;732.0;
3.5;13.0;852.0;
5.5;13.0;1041.0;
7.5;13.0;1139.0;
9.5;13.0;1222.0;
;
z;
no;
4.0;13.0;0.0;
6.0;11.5;121.0;
7.0;11.0;171.0;
6.5;9.0;288.0;
3.0;9.5;435.0;
3.5;11.0;579.0;
6.5;10.5;744.0;
8.0;9.0;760.0;
9.5;7.5;830.0;
11.5;6.0;903.0;
;
pigtail;
no;
1.0;9.0;0.0;
2.0;12.0;177.0;
3.0;12.0;244.0;
5.0;10.0;360.0;
7.0;11.0;783.0;
9.0;11.5;882.0;
10.0;10.0;1014.0;
10.5;8.5;1129.0;
;
w;
no;
1.0;9.0;0.0;
2.0;9.5;76.0;
3.5;9.5;109.0;
5.5;9.0;178.0;
7.5;9.0;241.0;
10.0;9.0;291.0;
11.0;7.0;422.0;
8.5;6.0;559.0;
7.0;6.5;594.0;
6.0;8.5;734.0;
6.5;10.666667;897.0;
1.0;13.0;1315.0;
2.0;10.5;1475.0;
4.5;10.5;1613.0;
6.5;11.0;1683.0;
8.5;11.0;1734.0;
;
