UserID: 1
0000001000000000000010000000;6054
0000001000000000000011000000;6055
0000001000000000000011000000;6055
0000001000000000000011000000;6055
0000001100000000000011000000;6056
0000001100000000000010000000;6056
0000001100000000000010000000;6120
0000001100000000000010000000;6184
0000001110000000000010000000;6234
0000001110000000000010000000;6308
0000001010000000000110000000;6404
0000001111000000000110000000;6404
0000001111000000000110000000;6480
0000001111000000000110000000;6531
0000001111000000000110000000;6596
0000001111000000000110000000;6647
0000001111000000000110000000;6714
0000001111000000000110000000;6780
0000000111000000000111000000;6830
0000000111000000000111100000;6897
0000000111000000000111100000;6946
0000000011100000000100110000;7017
0000000001100000000100111000;7064
0000000001100000000100111000;7130
0000000001100000000000111000;7198
0000000001100000000000011000;7240
0000000001100000000000011000;7307
0000000000100000000000000000;7375
0000000000000000000000000000;7423
0000000000000000000000000000;7490
0000000000000000000000000000;7540
0000000000000000000000000000;7609
0000000000000000000000000000;7657
0000000000000000000000000000;7723
0000000000000000000000000000;7791
0000000000000000000000000000;7841
0000000000000000000000000000;7907
0000000000000000000000000000;7957
0000000000000000000000000000;8026
0000000000000000000000000000;8076
;
0000000011000000001100000000;20510
0000000011000000000100000000;20558
0000000011000000000110000000;20628
0000000011000000000110000000;20695
0000000011000000000011000000;20744
0000000011000000000011100000;20810
0000000011000000000011100000;20877
0000000011000000000001110000;20927
0000000011000000000001110000;20991
0000000011100000000001110000;21042
0000000011000000000001110000;21094
0000000011000000000001110000;21174
0000000011000000000001110000;21225
0000000011000000000001110000;21274
0000000011000000000001110000;21342
0000000011000000000001110000;21393
0000000011000000000001110000;21458
0000000011000000000001110000;21525
0000000011100000000000110000;21575
0000000011000000000000110000;21643
0000000011000000000000110000;21692
0000000011000000000000110000;21759
0000000010000000000000110000;21825
0000000011000000000000100000;21875
0000000111000000000000100000;21941
0000001010000000000000100000;22009
0000011010000000000000100000;22058
0000111000000000000000100000;22126
0000111000000000000000100000;22175
0000101000000000000000100000;22225
0000101000000000000000100000;22292
0000101000000000000000100000;22343
0000101000000000000000100000;22427
0000101001000000000000100000;22463
0000101000000000000000100000;22526
0000101000000000000000100000;22593
0000101000000000000000100000;22643
0000101000000000000000100000;22710
0000101000000000000000100000;22776
0000101000000000000000100000;22826
0000101000000000000000100000;22893
0000101000000000000000100000;22942
0000101000000000000000000000;23010
0000000000000000000000000000;23076
;
0000011000000000000000111000;35008
0000011000000000000000111000;35077
0000011000000000000000110000;35125
0000011000000000000000110000;35192
0000001100000000000000110000;35258
0000001100000000000000110000;35309
0000001110000000000000110000;35377
0000001110000000000000110000;35444
0000001111000000000000110000;35494
0000001111000000000000110000;35559
0000000011100000000000110000;35610
0000001011100000000000110000;35676
0000000011100000000000110000;35725
0000000011100000000001100000;35777
0000000011100000000011000000;35844
0000000011100000000011100000;35908
0000000001100000000110000000;35977
0000000001100000001100000000;36026
0000000001100000011100000000;36078
0000000001100000011100000000;36145
0000000001100000011100000000;36211
0000000001100000011100000000;36261
0000000000000000001000000000;36327
0000000000000000000000000000;36391
0000000000000000000000000000;36445
0000000000000000000000000000;36526
0000000000000000000000000000;36575
0000000000000000000000000000;36625
0000000000000000000000000000;36694
0000000000000000000000000000;36742
0000000000000000000000000000;36809
0000000000000000000000000000;36859
0000000000000000000000000000;36927
0000000000000000000000000000;36992
;
0000000001000000001000000000;42096
0000000001000000001100000000;42143
0000000001100000001100000000;42213
0000000001100000001100000000;42263
0000000011000000000100000000;42326
0000000011000000000110000000;42393
0000000011000000000110000000;42447
0000000011000000000110000000;42510
0000000011000000000111000000;42563
0000000011000000000011000000;42626
0000000011000000000011000000;42693
0000000011000000000011100000;42743
0000000011000000000001100000;42810
0000000011000000000011100000;42877
0000000111000000000011000000;42927
0000000111000000000011000000;42994
0000000111000000000011000000;43043
0000000111000000000011000000;43110
0000001101000000000111000000;43160
0000001101000000000110000000;43209
0000001000000000001100000000;43276
0000011100000000001100000000;43343
0000011100000000001100000000;43392
0000001100000000001100000000;43460
0000001100000000011000000000;43526
0000001100000000011100000000;43577
0000001100000000011000000000;43643
0000011100000000011000000000;43693
0000011100000000011000000000;43760
0000011100000000011000000000;43826
0000010100000000011000000000;43876
0000010100000000011000000000;43943
0000000100000000011000000000;44010
0000000110000000011000000000;44060
0000000110000000011100000000;44110
0000000111000000001100000000;44194
0000000111000000011100000000;44227
0000000111000000001000000000;44292
0000000111000000001100000000;44344
0000000111100000001100000000;44410
0000000101100000001100000000;44460
0000000101110000001110000000;44526
0000000100110000001110000000;44593
0000000100110000001110000000;44643
0000000100010000001010000000;44711
0000000100011000000010000000;44778
0000000000010000000010000000;44843
0000000000010000000000000000;44893
0000000000000000000000000000;44943
;
0000010000000010000000000000;64975
0000010000000011000000000000;65058
0000000000000000000000000000;65106
0000000000000000000000000000;65160
0000000000000000000000000000;65226
0000000000000000000000000000;65292
0000000000000000000000000000;65341
0000000000000000000000000000;65407
0000000000000000000000000000;65460
0000000000000000000000000000;65525
0000000000000000000000000000;65574
0000000000000000000000000000;65641
0000000000000000000000000000;65706
0000000000000000000000000000;65760
0000000000000010000000000000;65823
0000010000000011000000000000;65874
0000010000000011000000000000;65940
0000010000000010000000000000;65990
0000010000000010000000000000;66057
0000010000000010000000000000;66126
0000010000000010000000000000;66173
0000000000000000000000000000;66227
0000000000000000000000000000;66290
0000000000000000000000000000;66359
0000000000000000000000000000;66407
0000000000000000000000000000;66474
0000000000000000000000000000;66540
0000000000000000000000000000;66591
0000000000000000000000000000;66658
0000000000000000000000000000;66706
0000000000000000000000000000;66774
0000000000000000000000000000;66840
0000000000000000000000000000;66890
0000000000000000000000000000;66957
;
0000000000010000000100000000;79908
0000000000010000000110000000;79975
0000000000110000000110000000;80059
0000000000110000000010000000;80092
0000000000110000000011000000;80160
0000000000110000000001000000;80209
0000000000110000000001100000;80275
0000000000110000000011100000;80325
0000000000110000000010100000;80393
0000000000111000000000010000;80443
0000000000111000000000110000;80509
0000000000111000000000010000;80560
0000000000111000000000010000;80626
0000000000101000000000011000;80693
0000000000111000000000011000;80743
0000000000101000000000011000;80793
0000000001101000000000011000;80860
0000000001101000000000011000;80926
0000000001101000000000011000;80993
0000000001101000000000011000;81044
0000000001101000000000011000;81107
0000000001101000000000011000;81161
0000000011101000000000110000;81228
0000000011100000000000110000;81278
0000000011100000000000110000;81341
0000000100000000000001000000;81395
0000000100000000000011000000;81461
0000000110000000000111000000;81525
0000000100000000000111000000;81578
0000000100000000001100000000;81641
0000000100000000001100000000;81693
0000000110000000001100000000;81762
0000000110000000001100000000;81808
0000000110000000001100000000;81874
0000000110000000001100000000;81925
0000000110000000001000000000;81992
0000000111000000001100000000;82058
0000000111000000001100000000;82109
0000000111000000001110000000;82176
0000000111000000001110000000;82241
0000000111000000001111000000;82296
0000000001000000000111000000;82342
0000000011100000000101100000;82408
0000000001100000000001100000;82474
0000000001100000000001100000;82524
0000000001100000000000100000;82625
0000000000000000000000000000;82658
;
0000000000010000001100000000;91511
0000000000010000000100000000;91578
0000000000011000000110000000;91628
0000000000011000000011000000;91679
0000000000011000000011000000;91745
0000000000111000000001100000;91811
0000000000011000000000110000;91878
0000000000011000000000010000;91912
0000000000011000000000010000;91976
0000000000011000000000110000;92043
0000000000011000000000110000;92095
0000000000111000000000110000;92162
0000000000111000000000110000;92209
0000000000111000000000110000;92279
0000000000111000000000110000;92343
0000000000111000000001110000;92395
0000000001101000000001010000;92459
0000000001100000000011000000;92513
0000000011100000000011010000;92576
0000000011000000000110000000;92646
0000000011000000000110000000;92693
0000000111000000000110000000;92759
0000000111000000000110000000;92826
0000000111000000001110000000;92880
0000000111000000001110000000;92927
0000000111000000000110000000;92993
0000000111000000000110000000;93063
0000000111000000000110000000;93114
0000000111000000000111000000;93178
0000000111000000000111000000;93227
0000000110000000000001100000;93298
0000000110000000000001100000;93347
0000000111000000000100110000;93411
0000000110000000000100011000;93481
0000000110000000000000011000;93528
0000000110000000000000001000;93581
0000000010000000000000001000;93647
0000000110000000000000001000;93698
0000000010000000000000000000;93762
0000000000000000000000000000;93829
;
0000000100000000110000000000;97799
0000000100000000010000000000;97866
0000000110000000011000000000;97917
0000000110000000011000000000;97982
0000000110000000011000000000;98049
0000000111000000011100000000;98099
0000000111000000001100000000;98165
0000000111000000001100000000;98232
0000000111000000000100000000;98283
0000000011000000000110000000;98348
0000000011100000000110000000;98398
0000000011010000000100000000;98466
0000000001010000000100000000;98533
0000000010110000000100000000;98582
0000000011100000000100000000;98649
0000000000100000001000000000;98698
0000000000100000001000000000;98765
0000000000100000011000000000;98816
0000000000100000011000000000;98882
0000000001100000001000000000;98932
0000000001100000001000000000;98998
0000000001100000001100000000;99049
0000000011100000000110000000;99115
0000000011000000000110000000;99182
0000000011000000000110000000;99233
0000000011000000000011000000;99299
0000000001100000000011100000;99367
0000000001100000000011100000;99416
0000000001110000000001100000;99482
0000000001110000000000100000;99533
0000000000001000000000110000;99600
0000000000001000000000110000;99649
0000000000001000000000000000;99717
0000000000000000000000010000;99766
0000000000000000000000000000;99833
;
0000000000100000011000000000;104577
0000000000000000000000000000;104643
0000000001000000011000000000;104711
0000000001000000011000000000;104760
0000000001000000011000000000;104827
0000000001000000000000000000;104893
0000000110000000011000000000;104945
0000000100000000011000000000;105010
0000000110000000011000000000;105061
0000000110000000001000000000;105128
0000000100000000000100000000;105178
0000001100000000000100000000;105244
0000001100000000000100000000;105311
0000001100000000000110000000;105360
0000001100000000000110000000;105411
0000001100000000000011000000;105477
0000001100000000000011000000;105546
0000000100000000000011000000;105593
0000000100000000000011000000;105662
0000000100000000000011000000;105727
0000000110000000000011000000;105777
0000000010000000000011000000;105844
0000000010000000000011000000;105893
0000000010000000000011000000;105960
0000000011000000000010000000;106012
0000000011000000000011000000;106077
0000000010000000000011000000;106145
0000000010000000000011000000;106193
0000000010000000000001000000;106245
0000000100000000000001000000;106311
0000001100000000000001000000;106378
0000001100000000000001100000;106428
0000001100000000000001100000;106494
0000001100000000000000100000;106546
0000001000000000000000110000;106612
0000001000000000000000110000;106662
0000001000000000000000101000;106728
0000000100000000000000001000;106795
0000000100000000000000001000;106844
0000000110000000000000001000;106912
0000000110000000000000001000;106962
0000000011000000000000001000;107028
0000000011000000000000001000;107095
0000000011100000000000011000;107144
0000000111100000000000011000;107195
0000000011100000000000011000;107260
0000000000100000000000011000;107327
0000000001100000000000011000;107378
0000000000000000000000000000;107446
;
0000000110000000011000000000;115656
0000000110000000011000000000;115705
0000000110000000001100000000;115775
0000000110000000001100000000;115825
0000000110000000001100000000;115905
0000000010000000000110000000;115955
0000000011000000000110000000;116005
0000000011000000000110000000;116055
0000000011000000000011000000;116122
0000000011100000000011000000;116171
0000000010100000000011000000;116238
0000000011100000000011000000;116304
0000000010110000000010000000;116356
0000000011110000000010000000;116421
0000000001010000000000000000;116489
0000000000100000000000000000;116538
0000000000000000000000000000;116606
0000000000100000001000000000;116655
0000000000100000001000000000;116723
0000000000100000001000000000;116772
0000000000100000001000000000;116839
0000000000000000000100000000;116905
0000000001100000000100000000;116955
0000000001100000000100000000;117005
0000000001000000000100000000;117071
0000000001000000000100000000;117138
0000000001000000000100000000;117190
0000000001000000000100000000;117256
0000000001000000000110000000;117306
0000000001000000000110000000;117372
0000000001000000000110000000;117422
0000000001000000000110000000;117489
0000000001000000000111000000;117555
0000000001000000000111000000;117605
0000000001000000000011100000;117671
0000000011000000000011100000;117740
0000000011000000000001100000;117791
0000000011000000000011100000;117839
0000000011000000000011100000;117905
0000000011000000000011000000;117972
0000000011000000000011000000;118022
0000000011000000000011000000;118090
0000000011000000000011000000;118139
0000000011000000000011000000;118205
0000000000000000000000100000;118255
0000001000000000000001100000;118323
0000001000000000000000100000;118389
0000001000000000000000100000;118456
0000000000000000000000000000;118506
;
0000001100000000001100000000;126653
0000001100000000001100000000;126700
0000001100000000001100000000;126766
0000001100000000001110000000;126820
0000001100000000000110000000;126884
0000001110000000000011000000;126936
0000000110000000000011000000;126999
0000000110000000000001000000;127067
0000000110000000000011000000;127119
0000000010000000000001000000;127182
0000000010000000000011000000;127250
0000000011000000000011000000;127300
0000000011000000000011000000;127369
0000000011000000000110000000;127417
0000000001100000000100000000;127483
0000000001100000000100000000;127533
0000000001000000000100000000;127599
0000000001000000000100000000;127650
0000000001000000000100000000;127717
0000000001000000000100000000;127784
0000000011000000000110000000;127833
0000000011000000000010000000;127902
0000000010000000000010000000;127950
0000000010000000000011000000;128016
0000000010000000000001000000;128067
0000000110000000000001000000;128136
0000000010000000000001100000;128188
0000000110000000000000100000;128254
0000000110000000000000100000;128322
0000000110000000000000110000;128373
0000000110000000000000110000;128439
0000001010000000000000100000;128490
0000001010000000000000100000;128555
0000001000000000000001100000;128605
0000011000000000000010100000;128687
0000011000000000000010000000;128739
0000001000000000000010000000;128789
0000001000000000000011000000;128836
0000001100000000000011000000;128906
0000001100000000000011000000;128970
0000001100000000000001100000;129023
0000001110000000000001100000;129086
0000001110000000000001100000;129156
0000001110000000000001110000;129203
0000000111000000000000110000;129257
0000000011100000000000111000;129340
0000000011100000000000011000;129387
0000000010100000000000011000;129437
0000000000100000000000001000;129503
0000000000000000000000000000;129554
;
0000000100000000000010000000;137110
0000000100000000000011000000;137175
0000000110000000000010000000;137241
0000000110000000000011000000;137292
0000001110000000000011000000;137358
0000000111000000000010000000;137408
0000000111000000000011000000;137476
0000000111000000000010000000;137524
0000000011100000000010000000;137592
0000000010100000000010000000;137658
0000000010110000000010000000;137708
0000000010110000000010000000;137758
0000000010110000000010000000;137825
0000000010110000000001000000;137891
0000000010110000000011000000;137942
0000000000110000000001100000;138009
0000000000110000000000100000;138075
0000000000110000000000110000;138125
0000000000111000000000010000;138192
0000000000111000000000011000;138242
0000000000111000000000011000;138309
0000000000111000000000011000;138358
0000000000110000000000001000;138425
0000000000000000000000000000;138491
0000000000000000000000000000;138542
0000000000000000000000000000;138608
0000000000000000000000000000;138657
0000000000000000000000000000;138724
0000000000000000000000000000;138774
0000000000000000000000000000;138825
0000000000000000000000000000;138891
0000000000000000000000000000;138959
0000000000000000000000000000;139008
0000000000000000000000000000;139075
;
0000001100000000000000110000;143775
0000001100000000000000110000;143825
0000001100000000000000110000;143893
0000011100000000000000110000;143958
0000011100000000000000111000;144008
0000011100000000000000111000;144059
0000001110000000000000110000;144125
0000001111000000000000110000;144192
0000001111000000000000110000;144242
0000001111000000000000110000;144309
0000001111100000000000110000;144376
0000001111100000000000110000;144425
0000001100110000000000110000;144492
0000000101110000000000110000;144544
0000000011110000000001000000;144610
0000000001100000000011100000;144675
0000000001110000000011000000;144726
0000000001100000000110000000;144775
0000000001100000001100000000;144848
0000000001100000011000000000;144892
0000000001100000011000000000;144958
0000000001100000011000000000;145025
0000000000000000000000000000;145075
0000000000000000000000000000;145142
0000000000000000000000000000;145192
0000000000000000000000000000;145259
0000000000000000000000000000;145342
0000000000000000000000000000;145376
0000000000000000000000000000;145442
0000000000000000000000000000;145491
0000000000000000000000000000;145559
0000000000000000000000000000;145626
0000000000000000000000000000;145676
0000000000000000000000000000;145726
;
0000000000100000001100000000;150076
0000000001100000000110000000;150143
0000000000100000000110000000;150192
0000000001100000000011000000;150258
0000000001100000000011000000;150309
0000000001100000000011000000;150376
0000000001100000000001000000;150444
0000000001100000000001100000;150492
0000000001100000000001100000;150559
0000000001100000000001100000;150609
0000000001100000000001110000;150676
0000000001100000000001110000;150744
0000000001100000000001110000;150792
0000000001100000000001110000;150844
0000000011100000000001110000;150909
0000000011100000000000110000;150976
0000000011100000000000110000;151026
0000000011100000000000110000;151092
0000000011000000000000110000;151145
0000000111100000000000100000;151193
0000000111000000000001100000;151259
0000001111000000000001100000;151326
0000001111000000000011100000;151394
0000001010000000000011000000;151445
0000001100000000000110000000;151511
0000001100000000000110000000;151560
0000011100000000000110000000;151627
0000001100000000001110000000;151677
0000001100000000000100000000;151744
0000001100000000001100000000;151809
0000001100000000001100000000;151860
0000000110000000001110000000;151928
0000000110000000000110000000;151977
0000000110000000000010000000;152043
0000001011000000000011000000;152111
0000001011000000000011000000;152145
0000000011100000000011100000;152211
0000000011100000000001100000;152278
0000000001110000000000110000;152326
0000000001111000000000110000;152392
0000000001111000000000010000;152445
0000000000111000000000110000;152512
0000000001111000000000110000;152576
0000000000111000000000110000;152645
0000000001111000000000110000;152693
0000000000111000000000000000;152763
0000000000000000000000000000;152813
;
0000000001000000000100000000;157102
0000000001100000000110000000;157152
0000000001100000000110000000;157220
0000000001100000000110000000;157270
0000000001100000000110000000;157337
0000000001100000000011000000;157387
0000000001100000000011100000;157453
0000000001100000000011100000;157520
0000000001100000000001100000;157567
0000000001100000000000100000;157636
0000000001100000000000100000;157685
0000000001100000000000100000;157753
0000000001100000000000100000;157804
0000000001100000000000100000;157867
0000000001100000000000100000;157921
0000000001100000000000100000;157987
0000000001100000000000100000;158035
0000000001100000000000100000;158104
0000000001000000000000010000;158167
0000000001000000000000110000;158217
0000000011100000000000110000;158288
0000000011000000000000110000;158354
0000000110000000000000100000;158401
0000001110000000000000100000;158468
0000001110000000000001100000;158518
0000001100000000000011100000;158584
0000001100000000000011000000;158638
0000001000000000000011000000;158687
0000001000000000000110000000;158767
0000001000000000000110000000;158817
0000001100000000000110000000;158868
0000001100000000001100000000;158935
0000011100000000001100000000;159001
0000001100000000001100000000;159050
0000001110000000001100000000;159118
0000001110000000001100000000;159168
0000001110000000001100000000;159234
0000001110000000001100000000;159284
0000001110000000001110000000;159351
0000001110000000001110000000;159419
0000001110000000000110000000;159468
0000000111000000000011000000;159534
0000000111000000000011000000;159601
0000000011000000000011100000;159651
0000000011000000000011100000;159717
0000000011000000000011100000;159768
0000000011000000000001100000;159818
0000000000000000000000000000;159884
;
0000000000110000000100000000;165124
0000000000110000000010000000;165173
0000000000110000000011000000;165240
0000000000110000000001100000;165307
0000000000110000000001100000;165354
0000000000111000000000110000;165422
0000000000111000000000010000;165471
0000000000111000000000011000;165538
0000000000111000000000011000;165605
0000000000111000000000011000;165655
0000000000111000000000011000;165705
0000000000101000000000011000;165771
0000000000101000000000011000;165822
0000000001111000000000110000;165888
0000000001111000000000110000;165954
0000000011100000000001100000;166007
0000000011000000000011100000;166070
0000000111000000000011100000;166138
0000001100000000000110000000;166191
0000001100000000000110000000;166239
0000001100000000000110000000;166304
0000001100000000000110000000;166371
0000001100000000000111000000;166439
0000001000000000000001000000;166488
0000001000000000000001100000;166554
0000001000000000000000111000;166607
0000011000000000000000001100;166672
0000011000000000000000001110;166721
0000001100000000000000000011;166788
0000001100000000000000000011;166838
0000001100000000000000000000;166907
0000000000000000000000000000;166954
0000000000000000000000000000;167022
0000000000000000000000000000;167088
;
0000001100000000011000000000;170591
0000001100000000011100000000;170641
0000001100000000001100000000;170709
0000001100000000001100000000;170775
0000001110000000001110000000;170842
0000001110000000001110000000;170875
0000001110000000001110000000;170943
0000001110000000000011000000;171006
0000001111000000000011000000;171056
0000000011100000000011100000;171123
0000000011100000000001100000;171193
0000000011110000000001100000;171240
0000000011110000000001000000;171307
0000000000110000000011000000;171357
0000000000010000000010000000;171424
0000000000010000000010000000;171490
0000000000010000000110000000;171540
0000000000010000000110000000;171606
0000000000110000000100000000;171656
0000000000100000001100000000;171724
0000000001100000001100000000;171773
0000000001100000001100000000;171840
0000000001000000000100000000;171889
0000000011000000000110000000;171957
0000000011000000000110000000;172007
0000000011000000000011000000;172073
0000000011000000000011000000;172140
0000000010000000000001100000;172223
0000000011000000000000110000;172257
0000000011000000000000110000;172323
0000000011000000000000111000;172373
0000000011100000000000001000;172440
0000000001110000000000001000;172491
0000000001110000000000001000;172557
0000000000111000000000001000;172607
0000000000101000000000001100;172673
0000000000001000000000001000;172740
0000000000000000000000000000;172790
;
0000000000100000001000000000;176778
0000000000100000001000000000;176827
0000000000100000001000000000;176894
0000000000100000001000000000;176944
0000000001100000001000000000;177011
0000000010000000001000000000;177062
0000000010000000000100000000;177127
0000000010000000000100000000;177194
0000000110000000000100000000;177246
0000000110000000000010000000;177327
0000000110000000000011000000;177363
0000000110000000000011000000;177428
0000000010000000000011100000;177496
0000000011000000000001100000;177544
0000000011000000000000100000;177611
0000000011000000000000110000;177662
0000000011100000000000100000;177728
0000000011100000000000100000;177794
0000000011000000000001100000;177845
0000000011000000000001100000;177895
0000000011000000000001100000;177963
0000000011000000000001100000;178030
0000000011000000000000100000;178077
0000000011000000000000110000;178143
0000000011000000000000110000;178195
0000000011000000000000110000;178262
0000000011000000000000110000;178310
0000000111000000000000110000;178378
0000000111000000000000110000;178444
0000000111000000000000011000;178496
0000000111000000000000011000;178561
0000000111000000000000001100;178629
0000000110000000000000000100;178680
0000000010000000000000000110;178729
0000000010000000000000000110;178810
0000000011000000000000000110;178846
0000000011000000000000000011;178914
0000000001100000000000000011;178978
0000000001100000000000000111;179028
0000000001111000000000000110;179095
0000000000111000000000000100;179144
0000000000011000000000000100;179211
0000000000001000000000000000;179260
0000000000000000000000000000;179328
;
0000000110000000001000000000;185011
0000000110000000001100000000;185049
0000000110000000001110000000;185094
0000000110000000000110000000;185161
0000000010000000000110000000;185212
0000000011000000000010000000;185278
0000000011000000000011000000;185327
0000000011000000000011000000;185395
0000000011100000000011000000;185444
0000000011100000000011000000;185512
0000000010100000000010000000;185578
0000000010010000000010000000;185644
0000000010110000000010000000;185694
0000000010010000000110000000;185762
0000000000110000000110000000;185811
0000000000110000000100000000;185878
0000000000100000001100000000;185928
0000000000100000001100000000;185995
0000000000100000001100000000;186061
0000000001100000000100000000;186112
0000000001100000000100000000;186167
0000000001000000000110000000;186234
0000000001000000000011100000;186298
0000000011000000000011000000;186351
0000000011000000000011100000;186401
0000000011000000000001100000;186468
0000000011000000000000100000;186517
0000000011000000000000110000;186584
0000000011000000000000110000;186635
0000000111000000000000110000;186701
0000000111000000000000100000;186768
0000001111000000000000100000;186819
0000001111000000000001100000;186883
0000001010000000000001100000;186952
0000001010000000000011100000;186999
0000001000000000000011000000;187049
0000001000000000000011000000;187119
0000001100000000000010000000;187186
0000001100000000000011000000;187233
0000001100000000000011000000;187299
0000000110000000000011000000;187350
0000000110000000000001100000;187419
0000000110000000000001110000;187486
0000000011000000000010110000;187532
0000000011000000000000110000;187599
0000000011000000000000110000;187649
0000000011100000000000011000;187716
0000000011110000000000001100;187783
0000000000011000000000000110;187832
0000000000011000000000000100;187883
0000000000000000000000000000;187949
;
0000001000000000000001100000;193489
0000001100000000000001100000;193540
0000001100000000000001100000;193605
0000001100000000000011100000;193672
0000001100000000000011000000;193721
0000001110000000000011000000;193775
0000001110000000000011000000;193838
0000001111000000000011000000;193905
0000001111000000000011000000;193955
0000000111000000000011000000;194024
0000001111000000000011000000;194075
0000001111100000000011000000;194139
0000001011100000000111000000;194189
0000001011100000000110000000;194256
0000000011100000000010000000;194323
0000000011100000000010000000;194373
0000000011100000000111000000;194438
0000000011100000000111000000;194490
0000000000100000000001100000;194556
0000000000100000000001100000;194623
0000000000110000000000110000;194673
0000000000110000000000110000;194723
0000000000111000000000011000;194790
0000000000110000000000001000;194840
0000000000110000000000001100;194907
0000000000110000000000001100;194974
0000000000110000000000001100;195025
0000000000110000000000001100;195089
0000000000110000000000001100;195156
0000000000100000000000000000;195206
0000000000000000000000000000;195273
0000000000000000000000000000;195322
0000000000000000000000000000;195388
0000000000000000000000000000;195441
;
0000011100000000000000001000;201026
0000011100000000000000001000;201092
0000011110000000000000011000;201143
0000001110000000000000011000;201209
0000001111000000000000011000;201275
0000001111000000000000011000;201323
0000001011000000000000011000;201390
0000000011100000000000010000;201456
0000000011100000000000010000;201509
0000000011100000000000010000;201576
0000000001100000000000110000;201623
0000000000110000000000110000;201690
0000000000110000000000100000;201757
0000000000110000000001100000;201806
0000000000110000000001100000;201873
0000000001100000000011000000;201940
0000000001100000000111000000;201993
0000000001100000001100000000;202040
0000000001100000001100000000;202106
0000000101100000001100000000;202172
0000000001100000011100000000;202224
0000000001100000011100000000;202273
0000000001100000001100000000;202340
0000000000000000000000000000;202391
0000000000000000000000000000;202457
0000000000000000000000000000;202523
0000000000000000000000000000;202575
0000000000000000000000000000;202640
0000000000000000000000000000;202710
0000000000000000000000000000;202756
0000000000000000000000000000;202823
0000000000000000000000000000;202874
0000000000000000000000000000;202957
0000000000000000000000000000;202991
;
0000000000010000000110000000;207331
0000000000010000000110000000;207398
0000000000010000000110000000;207448
0000000000110000000110000000;207515
0000000000110000000010000000;207581
0000000000110000000011000000;207649
0000000000110000000011000000;207699
0000000000110000000011000000;207748
0000000000110000000011100000;207816
0000000000110000000001100000;207865
0000000000110000000000110000;207932
0000000000110000000001110000;207982
0000000001100000000000010000;208065
0000000001100000000000010000;208100
0000000001100000000000010000;208165
0000000001101000000000010000;208231
0000000001101000000000010000;208282
0000000001100000000000010000;208349
0000000011100000000000110000;208415
0000000011100000000000110000;208465
0000000011100000000000110000;208532
0000000011100000000000110000;208582
0000000111000000000001110000;208649
0000000111000000000001100000;208699
0000000100000000000011000000;208765
0000001100000000000010000000;208815
0000001100000000000110000000;208882
0000000100000000000110000000;208932
0000000100000000000110000000;209001
0000000100000000000110000000;209064
0000001110000000000110000000;209116
0000001110000000000110000000;209182
0000001110000000000110000000;209232
0000001010000000000010000000;209298
0000001111000000000010000000;209365
0000001011000000000111000000;209415
0000000011100000000111000000;209482
0000000001100000000001100000;209548
0000000001110000000000100000;209599
0000000001110000000000110000;209666
0000000001110000000000110000;209715
0000000001111000000000010000;209782
0000000000001000000000010000;209832
0000000000001000000000001000;209899
0000000000001000000000011000;209966
0000000000001000000000011000;210016
0000000000001000000000011000;210065
0000000000000000000000000000;210132
;
0000000000100000000100000000;213399
0000000001100000000100000000;213466
0000000001100000000110000000;213533
0000000001110000000110000000;213583
0000000001110000000111000000;213649
0000000000100000000011000000;213699
0000000000110000000011000000;213750
0000000000110000000001100000;213817
0000000000110000000001110000;213882
0000000000110000000001110000;213933
0000000000110000000000110000;213998
0000000000100000000000110000;214049
0000000000100000000000010000;214117
0000000001111000000000010000;214182
0000000000101000000000010000;214233
0000000001101000000000010000;214298
0000000001100000000000011000;214349
0000000001101000000000011000;214417
0000000001100000000000011000;214466
0000000001101000000000011000;214532
0000000011101000000000011000;214599
0000000011101000000000011000;214649
0000000011101000000000011000;214717
0000000111100000000000011000;214766
0000000111101000000000010000;214831
0000000111101000000000010000;214882
0000001111000000000000110000;214949
0000001011000000000000110000;215000
0000001011000000000001100000;215083
0000011000000000000001100000;215116
0000011000000000000010000000;215183
0000011000000000000110000000;215249
0000010000000000001110000000;215299
0000010000000000001110000000;215365
0000011000000000001100000000;215416
0000001000000000001100000000;215483
0000001100000000001000000000;215550
0000000100000000001100000000;215600
0000000110000000001100000000;215666
0000000110000000001110000000;215749
0000000110000000001110000000;215783
0000001110000000000011000000;215850
0000001110000000000011000000;215900
0000000110000000000011000000;215967
0000000110000000000011100000;216016
0000000110000000000011100000;216084
0000000110000000000011100000;216133
0000000110000000000011100000;216201
0000000110000000000001100000;216251
0000000110000000000000000000;216317
0000000000000000000000000000;216368
;
0000000000100000001000000000;219885
0000000000100000001100000000;219935
0000000000100000001100000000;220001
0000000000100000001100000000;220053
0000000000110000000110000000;220119
0000000001110000000011000000;220185
0000000001110000000011000000;220235
0000000001110000000001100000;220301
0000000000110000000000110000;220353
0000000001111000000000011000;220419
0000000000110000000000011000;220485
0000000000110000000000001000;220536
0000000000110000000000001000;220603
0000000000110000000000001000;220653
0000000000101000000000011100;220719
0000000000101000000000011000;220768
0000000001101000000000110000;220869
0000000001100000000000110000;220902
0000000001100000000001100000;220952
0000000001100000000001100000;221002
0000000001100000000001100000;221069
0000000011100000000011100000;221136
0000000011000000000011000000;221185
0000000111000000000100000000;221252
0000001110000000001100000000;221319
0000001100000000001100000000;221369
0000011100000000001100000000;221437
0000001100000000001100000000;221487
0000011100000000001100000000;221552
0000001100000000001100000000;221601
0000011100000000000110000000;221669
0000011100000000000110000000;221736
0000001000000000000011000000;221785
0000011000000000000011100000;221854
0000011100000000000001110000;221902
0000011000000000000000111000;221969
0000011100000000000000011000;222019
0000011000000000000000011100;222085
0000011000000000000000011100;222136
0000011000000000000000001100;222202
0000011000000000000000001100;222253
0000011000000000000000001100;222319
0000011000000000000000000000;222386
0000000000000000000000000000;222436
;
0000001100000000001100000000;225772
0000001100000000001100000000;225836
0000001100000000001100000000;225886
0000001100000000001110000000;225952
0000001100000000001110000000;226019
0000001110000000000110000000;226070
0000001110000000000011000000;226119
0000000110000000000011100000;226186
0000001111000000000011100000;226253
0000001111000000000001100000;226303
0000001111000000000001100000;226354
0000000111000000000001100000;226420
0000000111100000000001000000;226486
0000000011100000000011000000;226535
0000000010100000000010000000;226603
0000000000100000000110000000;226669
0000000000100000000100000000;226722
0000000001100000000100000000;226786
0000000001100000000100000000;226853
0000000001000000000100000000;226902
0000000001000000001100000000;226953
0000000001000000000100000000;227020
0000000011000000000100000000;227086
0000000011000000000100000000;227135
0000000011000000000100000000;227204
0000000011000000000110000000;227270
0000000011000000000110000000;227320
0000000011000000000110000000;227370
0000000111000000000110000000;227436
0000000111000000000110000000;227503
0000000111000000000110000000;227570
0000000111000000000110000000;227619
0000000111000000000111000000;227671
0000000111000000000111000000;227736
0000000111000000000101000000;227787
0000000111000000000101000000;227853
0000000111000000000101100000;227920
0000000111000000000101100000;227973
0000000111000000000101110000;228037
0000000110000000000000110000;228088
0000000111000000000000110000;228153
0000000111000000000000110000;228204
0000000111000000000000111000;228270
0000000011100000000000111000;228320
0000000011100000000000011000;228387
0000000011100000000000011000;228437
0000000011100000000000011000;228503
0000000011100000000000011000;228571
0000000011100000000000011000;228620
0000000011110000000000011000;228688
0000000010100000000000011000;228754
0000000000000000000000000000;228804
;
0000000000100000000100000000;232720
0000000001100000001100000000;232787
0000000001100000001100000000;232837
0000000001100000001100000000;232903
0000000001100000001100000000;232969
0000000001100000001100000000;233020
0000000001100000001100000000;233086
0000000001100000001100000000;233136
0000000011100000001100000000;233203
0000000111100000001100000000;233270
0000000111100000001100000000;233320
0000000111100000001100000000;233387
0000000111000000000100000000;233437
0000001101000000000110000000;233503
0000001000000000000110000000;233554
0000001000000000000111000000;233620
0000001100000000000101100000;233670
0000001000000000000001100000;233736
0000001100000000000001100000;233803
0000001000000000000001100000;233854
0000001100000000000001100000;233920
0000001100000000000000110000;233988
0000001110000000000001100000;234036
0000001110000000000001100000;234088
0000001110000000000001100000;234155
0000001110000000000001100000;234222
0000001110000000000001100000;234288
0000001110000000000001100000;234321
0000001110000000000001100000;234388
0000000110000000000000110000;234458
0000000110000000000001110000;234508
0000001110000000000000110000;234571
0000001110000000000000110000;234622
0000001110000000000000110000;234689
0000001110000000000000110000;234738
0000001110000000000000111000;234805
0000001110000000000000111000;234872
0000011110000000000000011000;234920
0000011000000000000000001100;234990
0000011000000000000000001100;235039
0000011000000000000000001100;235122
0000011000000000000000000110;235170
0000011000000000000000000110;235220
0000011100000000000000000110;235272
0000010100000000000000000010;235339
0000000110000000000000000011;235406
0000000111000000000000000011;235453
0000000111000000000000000111;235521
0000000111100000000000000110;235573
0000000111100000000000000110;235636
0000000111100000000000000110;235690
0000000001110000000000001110;235755
0000000000111000000000001100;235823
0000000001110000000000001100;235871
0000000000110000000000001100;235937
0000000000110000000000001100;235990
0000000000000000000000000000;236053
;
0000000110000000001100000000;240454
0000000110000000000110000000;240506
0000000010000000000110000000;240574
0000000011000000000010000000;240624
0000000011000000000011000000;240704
0000000011000000000011000000;240757
0000000011100000000011100000;240824
0000000011100000000001100000;240871
0000000011100000000001100000;240937
0000000001110000000001000000;240987
0000000001110000000001000000;241054
0000000000110000000001000000;241105
0000000000110000000011000000;241171
0000000000010000000010000000;241238
0000000000010000000110000000;241287
0000000000010000000010000000;241353
0000000000100000000100000000;241404
0000000000100000000100000000;241470
0000000000100000000100000000;241522
0000000000100000000100000000;241589
0000000001100000000110000000;241643
0000000001000000000110000000;241709
0000000001000000000110000000;241757
0000000011000000000010000000;241826
0000000011000000000011000000;241893
0000000011000000000001000000;241940
0000000010000000000001100000;242006
0000000011000000000001100000;242059
0000000011000000000000100000;242126
0000000011000000000000110000;242177
0000000011000000000000110000;242243
0000000011000000000000110000;242293
0000000011000000000000110000;242376
0000000111000000000000010000;242410
0000000111000000000000010000;242473
0000000111000000000000010000;242543
0000001111000000000000110000;242607
0000001111000000000000110000;242657
0000011110000000000000101000;242723
0000011000000000000001101000;242777
0000011000000000000001101000;242841
0000011000000000000011101000;242891
0000011000000000000011101000;242958
0000011000000000000011101000;243007
0000011000000000000011101000;243074
0000011000000000000011101000;243141
0000011000000000000011100000;243191
0000011100000000000011100000;243257
0000001100000000000011100000;243308
0000011100000000000011100000;243375
0000001110000000000001100000;243425
0000001110000000000000110000;243490
0000001110000000000000110000;243542
0000001110000000000000110000;243607
0000001111000000000000111000;243657
0000001111000000000000011000;243724
0000000111000000000000011000;243791
0000010011100000000000001100;243841
0000010011100000000000001100;243907
0000000011110000000000001110;243975
0000010011110000000000001110;244025
0000010011110000000000001110;244092
0000010011110000000000001110;244142
0000000001100000000000000000;244207
0000000000000000000000000000;244258
;
