UserID: 2
null;
no;
4.0;17.0;0.0;
4.0;13.0;231.0;
4.0;12.0;294.0;
4.0;9.0;408.0;
3.5;7.5;563.0;
5.5;8.5;892.0;
7.0;8.0;1373.0;
10.0;8.0;1637.0;
;
rightAngle;
no;
11.5;12.0;0.0;
11.0;10.5;79.0;
11.0;9.0;115.0;
11.0;7.0;166.0;
9.0;6.0;547.0;
7.0;6.5;597.0;
5.0;7.0;632.0;
2.5;7.0;767.0;
;
leftAngle;
no;
4.0;7.0;0.0;
6.0;8.0;154.0;
7.5;8.5;222.0;
9.0;9.0;274.0;
10.0;11.0;345.0;
10.0;14.0;456.0;
4.0;9.5;1000.0;
5.0;8.0;1083.0;
7.5;7.0;1117.0;
9.5;7.0;1184.0;
;
slope;
no;
4.0;7.0;0.0;
10.5;7.0;187.0;
9.0;15.0;550.0;
6.0;15.0;660.0;
3.0;10.0;911.0;
4.5;9.0;962.0;
6.5;9.0;1022.0;
9.0;9.0;1089.0;
;
spiral;
no;
2.0;6.0;0.0;
4.5;6.0;165.0;
7.5;6.0;187.0;
9.5;6.0;248.0;
11.5;6.0;364.0;
8.5;9.0;541.0;
6.0;11.0;638.0;
4.0;13.0;655.0;
2.0;15.0;838.0;
5.0;14.0;950.0;
7.0;14.0;1014.0;
10.0;14.0;1086.0;
;
z;
no;
5.0;15.0;0.0;
6.5;13.0;54.0;
8.0;12.0;105.0;
7.5;9.0;226.0;
4.0;9.5;342.0;
3.5;11.0;408.0;
3.0;13.0;487.0;
5.0;14.0;590.0;
7.0;12.0;641.0;
9.0;11.0;691.0;
10.0;8.0;800.0;
;
pigtail;
yes;
6.0;14.0;0.0;
7.0;12.0;47.0;
7.0;10.0;117.0;
7.0;13.0;301.0;
8.5;15.0;423.0;
11.5;11.5;586.0;
11.0;9.0;649.0;
;
z;
no;
5.0;12.0;0.0;
7.5;12.0;84.0;
9.5;12.0;118.0;
9.0;5.0;714.0;
7.0;5.0;766.0;
6.0;7.0;880.0;
6.5;9.5;1058.0;
7.5;11.0;1059.0;
8.5;12.5;1143.0;
9.0;14.0;1219.0;
9.0;16.0;1238.0;
7.0;12.0;1787.0;
9.5;13.0;1869.0;
12.0;13.0;1909.0;
;
z;
no;
3.5;12.0;0.0;
3.5;10.0;94.0;
3.0;8.0;112.0;
6.0;7.5;415.0;
9.0;7.0;480.0;
;
rightAngle;
no;
12.0;13.0;0.0;
11.5;11.0;33.0;
11.5;9.0;84.0;
12.0;7.0;147.0;
11.5;5.0;264.0;
9.0;5.5;556.0;
7.0;5.5;617.0;
5.0;6.0;687.0;
2.5;6.0;789.0;
;
leftAngle;
no;
5.0;6.0;0.0;
7.0;7.0;144.0;
11.0;10.0;254.0;
4.0;11.0;719.0;
6.0;9.0;830.0;
9.0;8.0;850.0;
12.0;7.0;1007.0;
;
slope;
no;
6.0;6.0;0.0;
8.0;6.0;85.0;
10.0;7.0;163.0;
10.0;15.0;497.0;
5.0;15.0;664.0;
3.0;11.0;831.0;
5.5;9.0;996.0;
7.5;9.5;1012.0;
;
spiral;
no;
4.0;6.0;0.0;
6.5;6.0;71.0;
9.0;6.0;163.0;
12.0;6.0;248.0;
10.0;8.0;418.0;
8.0;10.0;476.0;
6.0;15.0;888.0;
12.0;14.0;1072.0;
;
z;
no;
6.5;14.0;0.0;
10.0;11.0;103.0;
10.0;10.0;226.0;
7.0;8.0;294.0;
5.0;8.0;403.0;
4.0;10.0;403.0;
4.0;12.0;472.0;
6.0;13.0;589.0;
8.0;12.0;638.0;
10.0;10.0;744.0;
;
pigtail;
no;
3.0;10.0;0.0;
3.0;13.0;141.0;
3.0;14.0;175.0;
5.0;15.0;299.0;
7.0;14.0;472.0;
8.0;12.0;472.0;
9.0;10.5;540.0;
9.0;12.5;722.0;
10.0;15.0;829.0;
;
leftAngle;
no;
6.0;10.0;0.0;
11.0;4.0;443.0;
9.0;5.0;460.0;
7.5;7.0;517.0;
8.5;9.0;594.0;
10.0;11.0;645.0;
10.0;16.5;770.0;
7.0;11.0;1073.0;
10.5;11.0;1125.0;
;
z;
no;
5.0;15.0;0.0;
4.0;10.5;156.0;
4.0;8.5;210.0;
4.0;6.5;483.0;
6.5;6.0;567.0;
9.5;6.0;637.0;
12.0;6.0;707.0;
;
rightAngle;
no;
12.0;15.0;0.0;
12.0;13.0;68.0;
11.5;11.0;135.0;
12.0;8.0;239.0;
11.5;6.0;374.0;
8.0;6.0;619.0;
5.5;6.0;670.0;
4.0;6.5;723.0;
;
leftAngle;
no;
5.0;6.0;0.0;
7.0;7.0;10.0;
9.0;9.0;84.0;
10.5;10.5;143.0;
11.0;13.0;196.0;
11.0;15.0;243.0;
10.0;17.0;303.0;
6.0;17.0;469.0;
4.0;12.0;628.0;
5.0;10.0;663.0;
10.0;7.0;814.0;
12.0;6.0;968.0;
;
slope;
no;
5.0;7.0;0.0;
9.0;6.0;123.0;
11.0;7.0;175.0;
8.0;17.0;579.0;
6.0;17.0;645.0;
6.0;9.5;1004.0;
8.5;10.0;1056.0;
;
spiral;
no;
4.0;7.5;0.0;
7.0;7.0;52.0;
9.5;7.0;120.0;
9.0;10.0;421.0;
8.0;12.0;475.0;
5.0;17.0;593.0;
7.0;16.0;835.0;
;
spiral;
no;
9.0;9.0;0.0;
8.0;8.0;48.0;
6.5;8.0;128.0;
5.0;10.0;180.0;
4.0;12.0;231.0;
6.5;13.0;355.0;
9.5;11.0;405.0;
;
leftAngle;
no;
7.0;12.0;0.0;
8.0;9.5;118.0;
8.0;10.0;184.0;
8.0;13.0;303.0;
9.0;15.0;354.0;
12.0;6.0;787.0;
;
leftAngle;
no;
5.0;12.0;0.0;
7.0;12.0;67.0;
11.0;11.0;264.0;
10.0;4.5;722.0;
8.0;5.5;841.0;
7.5;7.0;841.0;
8.0;10.0;965.0;
9.0;12.0;1017.0;
9.0;17.0;1196.0;
6.0;12.0;1560.0;
8.0;12.0;1616.0;
11.0;13.0;1672.0;
;
