UserID: 1
dart;
null;
no;
6.5;10.0;0.0;
;
pigtail;
null;
no;
3.0;6.0;0.0;
4.0;5.0;116.0;
5.0;5.0;167.0;
7.0;6.0;351.0;
8.0;8.0;531.0;
8.0;10.0;648.0;
7.5;12.0;834.0;
2.0;12.0;1248.0;
1.5;10.0;1432.0;
2.0;8.0;1666.0;
3.5;7.0;1851.0;
6.0;8.0;1964.0;
7.0;9.5;2135.0;
;
slope;
spiral;
no;
2.0;10.0;0.0;
2.0;12.0;115.0;
2.5;12.0;167.0;
4.5;11.0;516.0;
5.0;9.0;700.0;
5.0;11.5;1183.0;
8.0;12.0;1601.0;
8.0;10.0;1715.0;
;
doubleSlope;
w;
no;
2.0;6.0;0.0;
2.0;8.0;373.0;
2.0;9.0;373.0;
2.0;11.0;373.0;
6.0;12.0;759.0;
6.5;10.0;875.0;
7.0;8.0;1057.0;
6.0;9.5;1576.0;
6.5;12.0;1714.0;
9.0;14.0;1949.0;
;
bowl;
x;
no;
11.0;12.0;0.0;
11.0;10.0;112.0;
10.0;8.5;488.0;
;
dart;
zigzag;
no;
2.0;6.0;0.0;
2.0;8.0;181.0;
2.0;8.5;250.0;
2.0;11.0;365.0;
6.0;11.0;720.0;
6.0;9.0;838.0;
6.0;7.0;1021.0;
6.0;9.0;1256.0;
6.0;11.5;1372.0;
9.0;12.0;1723.0;
10.0;10.0;1840.0;
10.0;8.0;2023.0;
;
dart;
w;
no;
2.0;7.0;0.0;
4.5;7.0;181.0;
5.5;6.0;249.0;
8.0;7.0;365.0;
6.0;8.5;599.0;
4.5;10.0;732.0;
7.0;11.0;1316.0;
9.0;11.0;1435.0;
;
slope;
z;
no;
3.0;6.0;0.0;
5.0;6.0;114.0;
6.0;6.0;164.0;
8.0;6.0;349.0;
6.5;7.0;649.0;
5.5;9.0;766.0;
3.0;11.0;949.0;
5.0;12.0;1483.0;
7.5;12.0;1598.0;
;
x;
z;
no;
2.0;6.0;0.0;
3.0;7.0;64.0;
4.0;8.0;197.0;
5.0;10.0;300.0;
6.0;12.0;481.0;
7.0;10.0;847.0;
7.0;8.0;1015.0;
7.0;6.0;1200.0;
6.0;8.0;1548.0;
4.0;10.0;1684.0;
3.0;12.0;1916.0;
;
