UserID: 2
null;
no;
3.0;12.0;0.0;
2.0;10.5;60.0;
2.5;9.5;128.0;
3.0;7.0;239.0;
4.5;6.5;569.0;
7.0;7.0;584.0;
10.5;7.0;719.0;
;
rightAngle;
no;
10.0;13.0;0.0;
10.5;10.0;116.0;
10.5;9.0;167.0;
10.5;7.0;289.0;
7.5;6.0;588.0;
4.5;6.5;708.0;
2.5;6.5;777.0;
;
leftAngle;
no;
5.5;6.0;0.0;
7.0;7.0;75.0;
8.0;7.5;127.0;
9.0;9.5;244.0;
8.0;12.0;421.0;
6.0;13.0;535.0;
4.0;13.0;604.0;
3.0;10.5;836.0;
4.5;9.0;970.0;
6.5;8.0;1020.0;
8.5;7.0;1072.0;
10.0;6.0;1133.0;
;
slope;
no;
5.0;5.5;0.0;
7.0;5.5;59.0;
8.0;6.0;143.0;
10.0;7.0;228.0;
11.0;9.0;350.0;
11.0;12.0;468.0;
1.0;9.0;1033.0;
3.0;9.0;1068.0;
4.5;8.5;1120.0;
;
spiral;
no;
2.0;5.0;0.0;
5.0;6.0;52.0;
7.0;6.0;103.0;
10.0;7.0;231.0;
7.0;9.0;411.0;
5.0;11.0;491.0;
9.0;15.0;1067.0;
;
rightAngle;
no;
2.0;5.0;0.0;
4.5;5.5;154.0;
6.0;6.0;171.0;
8.0;6.0;238.0;
10.0;6.0;370.0;
8.5;7.0;606.0;
7.5;8.5;655.0;
5.0;10.5;822.0;
3.0;12.0;951.0;
1.5;13.0;1069.0;
4.5;13.0;1307.0;
6.5;13.0;1376.0;
;
z;
no;
3.0;14.0;0.0;
4.0;13.0;60.0;
6.0;12.0;250.0;
6.0;9.5;363.0;
4.5;9.0;524.0;
2.0;9.5;591.0;
3.0;11.0;773.0;
6.0;11.0;890.0;
7.5;10.5;983.0;
9.5;8.5;1067.0;
11.0;7.0;1155.0;
11.5;5.0;1258.0;
;
z;
no;
1.0;9.5;0.0;
1.5;10.5;119.0;
2.5;12.0;241.0;
6.0;10.5;503.0;
7.0;12.0;892.0;
9.0;11.5;1069.0;
10.0;10.0;1142.0;
10.0;8.0;1378.0;
;
w;
no;
2.0;10.0;0.0;
3.5;10.0;121.0;
4.5;10.0;188.0;
6.5;10.0;269.0;
9.5;10.0;354.0;
11.0;8.5;532.0;
10.0;7.0;665.0;
8.0;7.0;777.0;
6.5;8.0;890.0;
6.0;9.5;1035.0;
7.0;13.0;1259.0;
7.0;15.0;1458.0;
4.0;13.0;1968.0;
7.0;13.0;2141.0;
10.0;13.0;2263.0;
;
z;
no;
2.0;12.0;0.0;
2.0;10.0;119.0;
2.5;9.5;168.0;
3.0;7.5;240.0;
2.5;6.0;401.0;
4.5;5.5;590.0;
6.0;6.0;657.0;
9.5;6.0;774.0;
;
rightAngle;
no;
9.0;13.0;0.0;
9.0;11.0;166.0;
9.0;11.0;276.0;
9.5;9.333333;439.0;
9.5;7.3333335;525.0;
6.5;6.0;815.0;
4.0;6.5;949.0;
2.5;6.0;1084.0;
;
leftAngle;
no;
4.0;5.0;0.0;
5.0;6.0;103.0;
7.0;7.0;173.0;
8.0;8.5;243.0;
9.0;10.666667;352.0;
9.0;12.5;401.0;
2.0;10.5;936.0;
3.5;10.0;1003.0;
6.5;8.5;1114.0;
8.5;7.5;1218.0;
10.5;6.5;1285.0;
;
slope;
no;
5.0;6.0;0.0;
6.5;6.0;50.0;
8.0;6.0;117.0;
9.5;8.5;232.0;
10.0;10.0;346.0;
11.0;12.0;413.0;
1.0;10.5;889.0;
2.5;10.0;1012.0;
4.5;10.0;1142.0;
;
z;
no;
3.0;6.0;0.0;
4.5;6.5;35.0;
6.0;6.5;102.0;
8.0;7.0;175.0;
9.5;7.5;400.0;
8.0;9.0;507.0;
6.5;9.5;571.0;
5.0;11.0;688.0;
3.0;13.0;826.0;
5.5;14.0;1292.0;
9.0;14.0;1436.0;
;
z;
no;
5.0;14.0;0.0;
6.5;13.0;84.0;
7.0;12.0;153.0;
6.5;9.5;321.0;
4.5;9.0;454.0;
3.0;9.5;504.0;
1.5;10.5;633.0;
2.0;13.0;763.0;
4.5;13.0;864.0;
7.0;13.0;920.0;
9.0;11.0;1066.0;
10.0;9.0;1166.0;
;
pigtail;
no;
1.0;8.0;0.0;
1.0;9.5;128.0;
1.0;10.0;197.0;
3.0;13.0;449.0;
5.0;11.0;600.0;
5.5;9.5;750.0;
5.5;7.0;916.0;
5.5;9.5;1147.0;
6.0;12.0;1339.0;
8.0;12.0;1505.0;
10.0;9.5;1687.0;
10.5;7.5;1818.0;
;
w;
no;
1.5;10.0;0.0;
3.5;10.0;128.0;
5.0;10.5;196.0;
7.5;11.0;273.0;
10.0;10.0;358.0;
9.5;8.0;566.0;
7.0;8.0;667.0;
5.5;9.5;779.0;
6.0;11.0;956.0;
6.0;13.0;1047.0;
2.0;11.0;1619.0;
5.0;11.0;1733.0;
7.5;11.0;1849.0;
9.0;11.5;1915.0;
;
doubleSlope;
no;
3.0;13.0;0.0;
3.0;11.0;118.0;
3.0;10.5;172.0;
3.5;9.0;298.0;
3.0;7.5;419.0;
5.0;7.0;702.0;
6.5;7.5;720.0;
9.5;7.5;865.0;
;
rightAngle;
no;
8.0;14.0;0.0;
9.0;11.5;120.0;
9.0;11.5;171.0;
9.0;9.5;289.0;
8.5;8.0;357.0;
6.5;8.0;641.0;
4.5;8.0;706.0;
3.0;7.5;778.0;
;
leftAngle;
no;
5.0;7.0;0.0;
7.0;8.0;68.0;
7.5;9.0;130.0;
9.0;11.0;233.0;
4.0;15.0;601.0;
3.0;10.5;897.0;
4.5;10.0;947.0;
6.5;9.0;1051.0;
8.5;8.5;1069.0;
10.5;7.5;1207.0;
;
slope;
no;
2.5;7.0;0.0;
4.0;6.5;93.0;
6.0;7.0;128.0;
8.5;8.0;253.0;
9.5;10.0;405.0;
10.0;12.5;476.0;
0.0;10.0;1161.0;
2.5;10.0;1257.0;
5.0;10.5;1365.0;
;
z;
no;
4.5;7.0;0.0;
6.0;7.0;110.0;
8.0;7.0;127.0;
10.0;7.5;250.0;
8.0;9.0;537.0;
6.5;10.0;655.0;
5.0;11.0;728.0;
3.0;12.0;862.0;
5.0;13.0;1148.0;
8.5;13.0;1249.0;
;
z;
no;
4.0;13.0;0.0;
5.0;12.0;55.0;
6.0;12.0;146.0;
7.5;9.5;231.0;
5.5;8.0;410.0;
4.0;8.5;527.0;
3.5;10.5;770.0;
5.5;11.0;905.0;
7.5;9.5;1009.0;
9.5;8.5;1061.0;
10.5;7.0;1203.0;
;
pigtail;
no;
2.5;7.0;0.0;
2.0;8.0;105.0;
2.0;9.5;194.0;
3.0;12.0;405.0;
5.0;12.0;602.0;
6.0;10.0;772.0;
6.5;8.0;946.0;
5.5;10.0;1188.0;
7.0;12.0;1370.0;
8.5;11.0;1536.0;
10.0;10.0;1671.0;
11.0;8.0;1789.0;
;
w;
no;
2.0;9.5;0.0;
4.5;10.0;115.0;
5.5;10.5;182.0;
7.5;10.0;275.0;
9.5;10.0;360.0;
11.0;8.0;525.0;
9.0;7.0;652.0;
7.0;7.0;738.0;
5.5;8.0;774.0;
5.5;10.0;958.0;
6.0;12.0;1072.0;
6.0;14.0;1213.0;
2.5;12.0;1899.0;
5.5;12.0;2016.0;
8.5;12.0;2140.0;
;
