UserID: 2
null;
no;
5.0;11.0;0.0;
2.5;8.5;1666.0;
2.5;8.5;1732.0;
4.0;8.0;2149.0;
6.0;8.0;2550.0;
8.0;9.0;2919.0;
;
swipe;
no;
9.0;12.5;0.0;
5.5;14.0;1134.0;
5.5;14.5;1201.0;
;
swipe;
no;
0.5;15.0;0.0;
1.0;8.0;1499.0;
1.0;8.0;1555.0;
1.0;10.0;1623.0;
3.0;9.666667;1905.0;
4.3333335;10.5;2038.0;
5.0;12.0;2442.0;
0.0;13.333333;2738.0;
5.5;14.5;2806.0;
5.5;12.5;2988.0;
0.0;12.5;3039.0;
;
z;
no;
12.0;13.0;0.0;
11.0;12.0;585.0;
7.5;7.5;952.0;
6.0;8.0;1417.0;
1.6666666;12.666667;1767.0;
;
swipe;
no;
7.0;9.0;0.0;
7.0;12.0;187.0;
8.0;12.5;234.0;
9.5;13.0;435.0;
10.0;11.0;534.0;
9.0;9.0;784.0;
7.0;9.5;951.0;
5.0;11.0;1152.0;
3.0;10.0;1318.0;
3.0;7.0;1618.0;
5.0;8.0;1785.0;
6.0;9.5;1902.0;
5.0;11.0;2036.0;
;
doubleSlope;
no;
3.0;12.0;0.0;
;
doubleSlope;
no;
10.0;6.5;0.0;
10.0;9.0;114.0;
10.0;10.0;180.0;
10.0;12.0;249.0;
9.0;10.0;530.0;
7.0;8.0;665.0;
5.0;6.0;764.0;
5.0;8.0;1065.0;
5.0;11.0;1197.0;
;
