UserID: 2
null;
no;
4.0;12.0;0.0;
4.0;10.5;48.0;
3.5;9.5;121.0;
4.5;8.333333;256.0;
5.5;6.5;456.0;
7.5;7.0;513.0;
9.5;7.0;581.0;
11.5;7.0;704.0;
;
rightAngle;
no;
9.0;14.0;0.0;
9.5;13.0;120.0;
10.0;10.0;243.0;
10.0;8.0;364.0;
9.5;6.5;524.0;
7.5;6.5;593.0;
4.5;6.5;711.0;
2.5;6.5;833.0;
;
leftAngle;
yes;
5.5;6.5;0.0;
7.5;7.0;50.0;
8.5;8.5;117.0;
9.0;10.0;218.0;
9.0;13.0;285.0;
7.0;13.0;381.0;
3.5;13.0;468.0;
3.5;9.5;640.0;
6.0;8.0;698.0;
8.5;7.0;760.0;
10.5;7.0;835.0;
;
slope;
no;
5.5;6.0;0.0;
8.5;6.5;36.0;
10.0;7.5;86.0;
10.5;9.0;173.0;
11.0;11.0;208.0;
10.0;13.0;346.0;
3.5;13.0;520.0;
2.5;9.5;700.0;
6.5;9.5;801.0;
;
spiral;
no;
4.0;6.0;0.0;
7.0;7.0;65.0;
9.5;7.0;118.0;
11.0;7.5;232.0;
8.5;9.0;351.0;
6.5;11.0;421.0;
5.0;13.0;498.0;
7.0;14.0;842.0;
10.0;14.0;981.0;
;
z;
no;
6.0;12.0;0.0;
7.0;11.0;100.0;
7.5;9.5;118.0;
5.0;9.0;247.0;
3.5;9.5;282.0;
2.0;10.0;348.0;
5.5;11.0;553.0;
8.0;9.0;587.0;
10.5;7.5;639.0;
12.0;7.0;735.0;
;
pigtail;
no;
2.0;7.5;0.0;
2.0;9.5;62.0;
1.5;10.0;130.0;
7.0;9.0;530.0;
6.0;10.5;654.0;
6.0;13.0;761.0;
8.0;13.0;911.0;
11.0;9.5;1064.0;
12.0;7.0;1218.0;
;
w;
no;
1.0;9.5;0.0;
2.5;10.0;84.0;
4.5;10.0;168.0;
7.5;10.0;201.0;
9.5;9.0;255.0;
8.0;7.5;467.0;
6.5;8.0;485.0;
6.0;10.0;620.0;
6.5;12.0;668.0;
6.0;15.0;927.0;
2.0;12.0;1230.0;
5.5;12.0;1331.0;
8.0;12.0;1388.0;
10.0;12.0;1511.0;
;
doubleSlope;
no;
3.5;10.0;0.0;
3.5;8.333333;174.0;
3.5;7.5;260.0;
7.0;7.5;414.0;
9.0;8.0;474.0;
10.5;8.5;571.0;
;
rightAngle;
no;
8.0;14.0;0.0;
9.0;11.0;122.0;
9.0;9.5;174.0;
9.5;8.0;290.0;
8.5;6.5;461.0;
6.5;7.0;511.0;
4.5;7.5;607.0;
2.5;7.5;643.0;
;
leftAngle;
no;
7.5;7.5;0.0;
9.0;9.0;68.0;
10.0;11.0;152.0;
4.0;10.0;839.0;
6.5;9.5;907.0;
8.5;9.0;960.0;
10.0;8.5;1024.0;
;
slope;
yes;
5.5;7.0;0.0;
8.5;7.0;67.0;
10.0;7.5;127.0;
10.5;9.5;179.0;
5.0;14.0;474.0;
1.5;10.0;731.0;
3.0;9.0;783.0;
6.0;8.5;832.0;
;
spiral;
no;
3.0;6.0;0.0;
5.5;6.0;72.0;
8.0;6.0;108.0;
11.0;6.5;229.0;
9.5;7.0;401.0;
8.5;8.5;469.0;
6.5;9.5;546.0;
6.0;15.0;1002.0;
9.0;15.0;1131.0;
11.0;15.0;1188.0;
;
z;
no;
5.0;13.0;0.0;
6.0;12.0;23.0;
7.0;11.0;70.0;
6.0;9.0;239.0;
4.0;9.0;256.0;
1.5;10.0;381.0;
1.0;12.0;529.0;
3.0;12.0;564.0;
5.0;11.0;612.0;
6.5;9.0;692.0;
9.0;7.5;728.0;
11.5;6.0;796.0;
;
pigtail;
no;
2.0;8.0;0.0;
1.5;9.5;54.0;
1.5;10.5;169.0;
2.0;13.0;169.0;
7.0;11.0;407.0;
6.5;9.0;532.0;
6.5;12.0;704.0;
8.0;13.0;819.0;
10.5;11.5;940.0;
11.5;9.5;1064.0;
12.0;7.0;1179.0;
;
w;
yes;
1.0;9.5;0.0;
3.5;9.5;108.0;
5.5;9.5;175.0;
8.5;9.5;269.0;
11.5;9.0;354.0;
10.0;7.0;474.0;
7.0;7.5;590.0;
6.0;9.5;713.0;
7.0;13.0;833.0;
2.5;12.0;1354.0;
4.5;12.0;1419.0;
7.0;12.0;1508.0;
9.5;12.5;1542.0;
;
z;
no;
3.0;10.0;0.0;
3.0;7.5;101.0;
3.0;7.0;177.0;
4.5;7.5;343.0;
7.0;7.5;392.0;
9.0;8.0;492.0;
10.5;8.5;511.0;
;
z;
yes;
9.0;13.0;0.0;
9.5;10.0;181.0;
9.5;9.5;254.0;
10.0;8.0;354.0;
9.5;6.5;549.0;
6.5;6.0;650.0;
4.5;6.5;706.0;
2.5;6.0;774.0;
;
leftAngle;
no;
2.5;7.0;0.0;
4.0;7.0;51.0;
5.0;8.0;167.0;
6.5;8.5;168.0;
8.5;10.5;313.0;
8.0;13.0;474.0;
2.0;11.0;797.0;
4.5;9.5;884.0;
7.0;8.5;955.0;
9.0;7.5;1008.0;
10.5;7.0;1058.0;
;
slope;
no;
3.0;7.0;0.0;
5.0;7.0;97.0;
7.5;7.0;114.0;
9.5;8.5;248.0;
10.0;11.0;352.0;
0.0;10.0;887.0;
1.5;9.5;951.0;
3.5;9.5;1022.0;
5.5;9.5;1076.0;
;
spiral;
no;
1.5;7.0;0.0;
3.5;7.5;73.0;
6.0;7.0;124.0;
8.5;7.5;219.0;
8.0;9.0;445.0;
5.5;10.0;477.0;
2.0;14.0;618.0;
4.0;14.0;835.0;
6.5;14.0;900.0;
9.0;14.0;958.0;
;
z;
no;
6.0;12.0;0.0;
6.5;11.0;88.0;
7.0;10.5;105.0;
6.5;9.0;175.0;
5.0;8.5;250.0;
1.5;9.5;350.0;
5.5;11.0;584.0;
8.0;9.5;650.0;
10.0;8.5;703.0;
11.5;7.0;819.0;
;
pigtail;
no;
2.0;8.0;0.0;
2.0;9.5;69.0;
1.5;10.5;132.0;
1.5;13.0;182.0;
4.0;13.0;319.0;
6.0;12.0;362.0;
7.0;9.5;482.0;
6.5;11.5;757.0;
8.0;12.0;844.0;
11.0;11.5;956.0;
11.5;9.5;1088.0;
12.0;7.0;1188.0;
;
w;
no;
2.5;9.5;0.0;
4.0;10.0;114.0;
6.5;10.5;165.0;
9.0;10.0;258.0;
11.0;9.5;291.0;
9.0;7.0;467.0;
6.5;8.0;576.0;
5.5;9.5;593.0;
6.0;11.0;726.0;
6.0;14.0;895.0;
3.0;15.0;1064.0;
3.0;12.0;1433.0;
7.0;12.0;1562.0;
9.5;12.0;1627.0;
11.5;12.5;1661.0;
;
doubleSlope;
no;
0.0;10.0;0.0;
;
doubleSlope;
no;
1.0;5.0;0.0;
;
