UserID: 2
null;
no;
4.0;13.0;0.0;
4.5;12.0;146.0;
4.5;11.0;238.0;
4.5;9.0;400.0;
5.5;6.0;544.0;
8.0;7.5;763.0;
9.5;8.0;831.0;
;
rightAngle;
no;
11.0;12.0;0.0;
11.0;10.5;261.0;
11.0;8.5;311.0;
9.0;8.0;616.0;
5.5;7.0;719.0;
4.0;7.5;847.0;
;
leftAngle;
no;
5.0;6.0;0.0;
7.0;8.0;125.0;
8.0;9.0;177.0;
10.5;11.0;293.0;
11.0;12.5;539.0;
10.0;14.0;593.0;
5.5;15.0;773.0;
4.0;13.5;946.0;
5.0;11.0;1151.0;
7.5;10.0;1240.0;
9.0;8.5;1361.0;
10.5;6.5;1467.0;
;
slope;
no;
9.0;5.5;0.0;
10.5;6.5;131.0;
11.5;7.0;166.0;
12.0;9.0;358.0;
11.0;11.0;645.0;
9.5;13.0;838.0;
6.5;13.0;948.0;
4.5;12.5;1098.0;
3.0;10.5;1182.0;
4.5;9.0;1297.0;
7.5;9.0;1422.0;
;
spiral;
no;
2.0;6.0;0.0;
3.5;6.0;87.0;
5.0;6.0;157.0;
7.0;6.5;176.0;
8.5;7.0;226.0;
9.5;8.5;412.0;
8.0;9.5;532.0;
6.5;10.5;664.0;
6.0;12.0;703.0;
4.0;13.0;771.0;
5.0;15.0;1190.0;
9.0;15.5;1302.0;
;
z;
no;
5.0;14.5;0.0;
6.5;13.0;115.0;
7.5;12.5;182.0;
9.5;11.5;301.0;
8.0;10.666667;477.0;
6.75;9.0;593.0;
5.0;9.5;778.0;
5.5;11.0;947.0;
8.5;11.5;1064.0;
10.5;10.0;1255.0;
11.0;8.5;1549.0;
;
pigtail;
no;
2.5;10.0;0.0;
2.5;11.5;125.0;
7.0;13.0;427.0;
8.0;11.5;567.0;
8.5;13.0;773.0;
10.0;13.5;902.0;
11.5;13.0;969.0;
12.0;11.5;1131.0;
12.0;7.0;1316.0;
;
w;
no;
2.0;10.0;0.0;
3.0;9.5;48.0;
5.0;9.5;166.0;
7.5;9.5;316.0;
9.5;8.5;417.0;
10.5;7.0;530.0;
6.5;6.0;770.0;
6.0;7.6666665;1033.0;
6.5;9.5;1237.0;
7.5;11.0;1417.0;
6.0;13.5;1667.0;
5.5;16.0;1796.0;
4.0;15.0;1835.0;
4.0;13.0;2144.0;
6.5;12.5;2324.0;
9.0;12.5;2431.0;
;
z;
no;
5.0;14.0;0.0;
4.5;13.0;144.0;
4.0;10.5;245.0;
5.0;9.0;552.0;
5.5;7.5;831.0;
7.25;8.0;970.0;
9.0;8.0;1017.0;
10.5;7.0;1323.0;
;
rightAngle;
no;
10.0;14.0;0.0;
10.5;12.5;122.0;
10.5;12.5;187.0;
10.5;10.5;409.0;
10.5;8.666667;567.0;
9.0;8.25;889.0;
6.25;6.0;1018.0;
3.5;5.5;1071.0;
1.5;4.5;1183.0;
;
leftAngle;
no;
4.0;6.0;0.0;
6.0;6.0;76.0;
7.0;6.5;110.0;
9.0;7.0;296.0;
10.5;8.0;402.0;
10.5;10.0;583.0;
9.0;13.5;889.0;
5.0;14.0;996.0;
3.5;12.5;1175.0;
5.0;10.0;1363.0;
7.0;9.5;1426.0;
8.5;9.0;1570.0;
10.5;7.5;1654.0;
11.0;6.0;1728.0;
;
slope;
no;
6.0;5.5;0.0;
8.0;6.0;66.0;
9.5;6.5;118.0;
11.0;7.5;260.0;
10.5;9.0;595.0;
10.0;10.5;675.0;
8.0;13.0;778.0;
6.5;13.5;831.0;
4.5;13.0;900.0;
2.0;12.0;1020.0;
2.0;10.0;1130.0;
5.0;8.5;1260.0;
7.5;8.5;1312.0;
;
spiral;
no;
2.5;5.0;0.0;
5.0;6.0;103.0;
7.5;6.0;185.0;
9.5;6.5;231.0;
8.0;9.0;683.0;
7.0;10.5;701.0;
3.5;15.0;842.0;
5.5;15.0;1139.0;
9.0;14.0;1241.0;
;
z;
no;
3.0;13.5;0.0;
4.5;13.0;50.0;
6.5;12.5;123.0;
7.5;11.0;268.0;
7.5;9.333333;435.0;
5.0;9.333333;530.0;
7.0;10.5;835.0;
9.0;10.0;945.0;
10.5;8.0;1013.0;
12.0;5.5;1258.0;
;
w;
no;
2.0;7.0;0.0;
1.5;8.5;145.0;
1.5;9.0;196.0;
2.0;11.0;311.0;
3.0;13.0;385.0;
7.0;10.5;619.0;
8.0;12.0;923.0;
9.5;12.5;988.0;
11.0;12.0;1100.0;
12.0;9.0;1325.0;
12.0;6.0;1444.0;
;
w;
no;
2.5;9.5;0.0;
5.0;9.5;115.0;
6.5;10.0;184.0;
8.0;9.5;259.0;
10.0;8.0;359.0;
6.5;6.5;599.0;
5.5;7.6666665;756.0;
6.5;8.8;841.0;
7.0;11.0;952.0;
7.0;14.0;1134.0;
2.5;13.0;1430.0;
4.5;11.5;1561.0;
7.0;11.0;1680.0;
9.0;11.0;1731.0;
;
doubleSlope;
no;
4.0;13.0;0.0;
4.5;12.0;137.0;
4.5;11.0;250.0;
4.5;9.0;382.0;
4.0;5.5;787.0;
7.0;5.5;957.0;
9.0;6.0;1036.0;
11.0;6.0;1168.0;
;
rightAngle;
no;
11.0;12.5;0.0;
11.5;11.5;53.0;
11.0;9.0;309.0;
11.0;7.0;344.0;
8.5;6.5;585.0;
5.5;7.0;705.0;
;
w;
no;
4.0;5.5;0.0;
6.5;6.0;121.0;
7.5;6.5;122.0;
9.0;7.5;189.0;
10.5;8.5;373.0;
10.0;10.666667;597.0;
9.0;13.0;741.0;
5.5;14.0;844.0;
4.0;13.0;960.0;
3.5;11.5;1196.0;
5.0;9.5;1324.0;
7.0;9.5;1463.0;
8.0;8.0;1546.0;
9.666667;8.0;1621.0;
11.0;6.0;1674.0;
;
slope;
no;
4.5;5.5;0.0;
7.0;5.5;109.0;
8.5;6.0;131.0;
10.0;6.6666665;259.0;
11.5;8.0;362.0;
10.5;10.666667;602.0;
8.75;13.0;716.0;
6.5;13.0;769.0;
4.0;12.5;900.0;
2.5;12.0;952.0;
2.0;10.333333;1071.0;
2.5;8.0;1206.0;
4.0;7.5;1260.0;
6.0;8.0;1369.0;
8.0;8.0;1495.0;
;
spiral;
no;
3.0;4.5;0.0;
4.0;5.0;17.0;
5.5;5.5;84.0;
7.5;5.0;176.0;
9.5;5.5;246.0;
8.5;7.0;494.0;
7.5;8.25;544.0;
6.0;9.5;612.0;
4.0;12.5;665.0;
2.5;13.5;789.0;
2.5;16.5;1144.0;
4.5;16.5;1232.0;
6.5;16.5;1318.0;
8.5;17.0;1441.0;
;
z;
no;
4.5;13.0;0.0;
6.5;11.5;76.0;
7.5;11.0;110.0;
6.5;9.333333;288.0;
6.0;7.5;354.0;
3.5;7.5;406.0;
5.0;10.5;885.0;
8.0;9.5;1002.0;
10.0;9.0;1131.0;
;
pigtail;
no;
3.0;7.0;0.0;
1.5;7.5;67.0;
1.5;8.5;228.0;
2.5;9.8;415.0;
3.5;11.666667;554.0;
2.5;7.0;589.0;
6.0;13.0;640.0;
7.5;12.0;768.0;
8.0;10.0;1024.0;
8.0;12.0;1243.0;
10.0;12.0;1483.0;
12.0;12.0;1587.0;
8.0;11.0;1775.0;
;
leftAngle;
no;
2.5;9.0;0.0;
3.5;8.75;63.0;
5.0;9.333333;117.0;
8.0;8.75;220.0;
9.5;8.0;287.0;
9.5;10.0;464.0;
8.0;11.0;517.0;
8.5;8.5;576.0;
7.0;8.0;720.0;
7.5;10.0;1214.0;
7.3333335;11.5;1299.0;
4.0;16.0;1426.0;
1.0;13.5;1683.0;
1.5;12.0;1716.0;
3.0;11.5;1767.0;
5.0;11.0;1826.0;
7.0;10.0;1895.0;
9.0;10.5;1943.0;
11.0;10.5;2013.0;
;
