UserID: 1
0000011000000000000010000000;13548
0000011000000000000010000000;13599
0000001000000000000010000000;13662
0000001100000000000010000000;13768
0000000110000000000010000000;13768
0000000010000000000010000000;13843
0000000011000000000110000000;13893
0000000011000000000110000000;13960
0000000011000000000110000000;14009
0000000001000000000110000000;14075
0000000001000000000110000000;14142
0000000001000000000110000000;14194
0000000001000000000110000000;14243
0000000001000000000110000000;14309
0000000001000000000111000000;14360
0000000001000000000101000000;14427
0000000001000000000101100000;14491
0000000001000000000100100000;14544
0000000001000000000100110000;14610
0000000001000000000100110000;14661
0000000001000000000100110000;14725
0000000001000000000100110000;14790
0000000001000000000100010000;14844
0000000001000000000100010000;14910
0000000000000000000000000000;14977
0000000000000000000000000000;15027
0000000000000000000000000000;15094
0000000000000000000000000000;15141
0000000000000000000000000000;15195
0000000000000000000000000000;15257
0000000000000000000000000000;15341
0000000000000000000000000000;15376
0000000000000000000000000000;15441
0000000000000000000000000000;15509
;
0000100000000000000000100000;19068
0000100000000000000000100000;19134
0000100000000000000000100000;19184
0000010000000000000000100000;19251
0000010000000000000000100000;19301
0000001000000000000000100000;19368
0000001000000000000000100000;19435
0000000100000000000000100000;19486
0000000110000000000000100000;19535
0000000010000000000000100000;19602
0000000010000000000000100000;19652
0000000010000000000000100000;19718
0000000010000000000001100000;19769
0000000010000000000001100000;19836
0000000110000000000001000000;19902
0000000110000000000001000000;19952
0000000110000000000011000000;20019
0000000010000000000011000000;20069
0000000110000000000111000000;20136
0000000110000000000110000000;20199
0000000110000000000110000000;20250
0000000110000000000100000000;20319
0000000110000000001100000000;20383
0000000110000000001100000000;20433
0000000100000000000000000000;20501
0000000000000000000000000000;20551
0000000000000000000000000000;20616
0000000000000000000000000000;20683
0000000000000000000000000000;20734
0000000000000000000000000000;20802
0000000000000000000000000000;20851
0000000000000000000000000000;20902
0000000000000000000000000000;20986
0000000000000000000000000000;21032
;
0000000001000000000100000000;23401
0000000001000000000100000000;23467
0000000001000000000100000000;23534
0000000001000000000100000000;23585
0000000001000000000100000000;23650
0000000001000000000100000000;23717
0000000001000000000100000000;23767
0000000001000000000100000000;23819
0000000001000000000100000000;23883
0000000001000000000110000000;23953
0000000001000000000110000000;24000
0000000001000000000110000000;24084
0000000001000000000010000000;24137
0000000000000000000000000000;24167
0000000010000000000001000000;24236
0000000010000000000001000000;24300
0000000010000000000000100000;24368
0000000000000000000001100000;24435
0000000100000000000001100000;24486
0000000100000000000001000000;24535
0000000000000000000001000000;24601
0000001000000000000001000000;24651
0000001000000000000011000000;24720
0000001000000000000011000000;24784
0000011000000000000010000000;24837
0000011000000000000010000000;24901
0000011000000000000010000000;24952
0000001100000000000110000000;25019
0000001100000000000100000000;25067
0000000100000000000100000000;25120
0000000110000000000100000000;25185
0000000010000000000110000000;25251
0000000010000000000010000000;25300
0000000011000000000010000000;25367
0000000001000000000011000000;25437
0000000001000000000001000000;25484
0000000001000000000001000000;25549
0000000001100000000001000000;25620
0000000001100000000000100000;25668
0000000001100000000000100000;25733
0000000001100000000000100000;25787
0000000000100000000000000000;25851
0000000000100000000000010000;25900
0000000000100000000000010000;25968
0000000000000000000000000000;26036
;
0000000001000000000100000000;28468
0000000001000000000100000000;28517
0000000001000000000100000000;28586
0000000001000000000100000000;28636
0000000001100000000100000000;28702
0000000001100000000100000000;28769
0000000001100000000100000000;28819
0000000000000000000000000000;28887
0000000000100000000010000000;28937
0000000000100000000011000000;29001
0000000000100000000001000000;29050
0000000000100000000001000000;29119
0000000000100000000001000000;29186
0000000001100000000001000000;29237
0000000001000000000001100000;29285
0000000001000000000001100000;29352
0000000001000000000000100000;29420
0000000001000000000000100000;29469
0000000010000000000000100000;29537
0000000010000000000000100000;29587
0000000100000000000000100000;29652
0000000000000000000001000000;29720
0000000100000000000001000000;29768
0000001000000000000001000000;29836
0000001100000000000010000000;29886
0000001100000000000110000000;29953
0000000100000000000110000000;30019
0000000110000000000100000000;30067
0000000110000000000100000000;30120
0000000010000000000100000000;30187
0000000011000000000100000000;30236
0000000011000000000110000000;30303
0000000011000000000110000000;30353
0000000001000000000110000000;30420
0000000001000000000111000000;30486
0000000011000000000001000000;30537
0000000011000000000001000000;30601
0000000011000000000001000000;30670
0000000011000000000001000000;30737
0000000011000000000001000000;30787
0000000011000000000001000000;30837
0000000000000000000000000000;30900
;
0000000010000000000100000000;33638
0000000011000000000100000000;33704
0000000011000000000100000000;33755
0000000011000000000110000000;33822
0000000011000000000110000000;33871
0000000001000000000001000000;33938
0000000011000000000001000000;33991
0000000011000000000001000000;34040
0000000011000000000001000000;34105
0000000001000000000001000000;34174
0000000000000000000001000000;34223
0000000010000000000001000000;34288
0000000010000000000001000000;34342
0000000110000000000001000000;34405
0000000100000000000001000000;34475
0000000100000000000001000000;34523
0000000100000000000011000000;34588
0000001000000000000010000000;34657
0000011000000000000110000000;34705
0000011000000000000110000000;34771
0000011000000000000110000000;34824
0000011000000000000110000000;34889
0000010000000000000110000000;34957
0000011000000000000110000000;35006
0000011000000000000110000000;35071
0000011000000000000110000000;35122
0000010000000000000010000000;35174
0000011000000000000011000000;35239
0000001000000000000001000000;35308
0000001000000000000001100000;35356
0000001000000000000000100000;35422
0000001100000000000000100000;35471
0000001100000000000000100000;35538
0000001100000000000000100000;35589
0000001100000000000000100000;35657
0000001100000000000000000000;35722
0000000000000000000000000000;35788
;
0000000110000000000100000000;37971
0000000110000000000100000000;38041
0000000110000000000100000000;38106
0000000110000000000010000000;38158
0000000110000000000010000000;38223
0000000010000000000010000000;38273
0000000000000000000001000000;38339
0000000000000000000000100000;38391
0000000001000000000000100000;38439
0000000001100000000000100000;38507
0000000001100000000000100000;38573
0000000000000000000000000000;38623
0000000000000000000000000000;38689
0000000000000000000000000000;38758
0000000000100000000001000000;38808
0000000000100000000001000000;38872
0000000000100000000001000000;38922
0000000000000000000000000000;38990
0000000001000000000001000000;39042
0000000001000000000000000000;39109
0000000010000000000001000000;39158
0000000010000000000001000000;39222
0000000110000000000001000000;39276
0000000110000000000001000000;39359
0000000100000000000000100000;39406
0000000010000000000000100000;39473
0000000010000000000000000000;39522
0000000001000000000000010000;39592
0000000001000000000000010000;39641
0000000000100000000000000000;39706
0000000000000000000000010000;39755
0000000000010000000000010000;39822
0000000000010000000000010000;39872
0000000000010000000000000000;39939
0000000000000000000000000000;40005
;
0000000000100000000010000000;46528
0000000001100000000110000000;46592
0000000001100000000110000000;46658
0000000001000000000110000000;46712
0000000001000000000110000000;46777
0000000011000000000110000000;46827
0000000011000000000010000000;46893
0000000010000000000010000000;46958
0000000100000000000010000000;47012
0000000100000000000010000000;47075
0000000100000000000011000000;47144
0000000100000000000001000000;47191
0000000100000000000001000000;47259
0000000100000000000001000000;47309
0000000110000000000001000000;47361
0000000110000000000001000000;47427
0000000010000000000001000000;47492
0000000010000000000001000000;47544
0000000000000000000001100000;47609
0000000001000000000001100000;47678
0000000001000000000001100000;47728
0000000001000000000001100000;47791
0000000001000000000001100000;47843
0000000010000000000001100000;47908
0000000010000000000001100000;47959
0000000110000000000000100000;48026
0000000100000000000000100000;48078
0000000100000000000000100000;48142
0000000100000000000000100000;48209
0000000100000000000000010000;48278
0000000100000000000000010000;48309
0000000100000000000000010000;48408
0000000100000000000000010000;48443
0000000100000000000000010000;48510
0000000100000000000000000000;48558
0000000000000000000000001000;48629
0000000010000000000000001000;48679
0000000010000000000000001000;48728
0000000010000000000000001000;48792
0000000001000000000000001000;48859
0000000001000000000000001000;48928
0000000001000000000000001000;48978
0000000001000000000000000000;49044
0000000000000000000000000000;49095
;
0000000010000000000100000000;57314
0000000010000000000100000000;57363
0000000010000000000100000000;57413
0000000010000000000100000000;57480
0000000010000000000100000000;57531
0000000011000000000100000000;57596
0000000011000000000100000000;57664
0000000011000000000100000000;57712
0000000011000000000100000000;57781
0000000011000000000100000000;57828
0000000011000000000100000000;57897
0000000011000000000100000000;57964
0000000011000000000100000000;58012
0000000011000000000100000000;58081
0000000011000000000100000000;58132
0000000011000000000100000000;58198
0000000011000000000100000000;58248
0000000001000000000110000000;58313
0000000001000000000110000000;58380
0000000001000000000110000000;58430
0000000001000000000100000000;58481
0000000000100000000001000000;58550
0000000000100000000001000000;58618
0000000000100000000001000000;58667
0000000000110000000001000000;58733
0000000000010000000001000000;58783
0000000000010000000001000000;58849
0000000000000000000000000000;58916
0000000000000000000010000000;58967
0000000000010000000010000000;59034
0000000000000000000000000000;59083
0000000000100000000010000000;59150
0000000000100000000010000000;59200
0000000000000000000111000000;59267
0000000001000000000001000000;59334
0000000001000000000001000000;59384
0000000011000000000001000000;59434
0000000010000000000001000000;59501
0000000010000000000001000000;59551
0000000010000000000001100000;59617
0000000010000000000001000000;59681
0000000110000000000001000000;59732
0000000100000000000001000000;59801
0000000100000000000001000000;59866
0000000100000000000011000000;59918
0000001100000000000011000000;59983
0000000100000000000011000000;60032
0000000100000000000111000000;60101
0000000110000000000110000000;60152
0000000110000000000010000000;60215
0000000010000000000010000000;60283
0000000010000000000010000000;60333
0000000011000000000010000000;60398
0000000010000000000001000000;60452
0000000011000000000001000000;60501
0000000000000000000000100000;60566
0000000001000000000000100000;60634
0000000001000000000000010000;60682
0000000000000000000000000000;60748
;
0000001000000000000010000000;69200
0000001000000000000110000000;69252
0000001100000000000110000000;69317
0000000100000000000110000000;69369
0000000110000000000110000000;69434
0000000010000000000110000000;69501
0000000011000000000110000000;69550
0000000011000000000110000000;69601
0000000001100000000110000000;69667
0000000001100000000110000000;69718
0000000001100000000110000000;69784
0000000001100000000110000000;69835
0000000001000000000110000000;69901
0000000001100000000010000000;69968
0000000000100000000001000000;70033
0000000000100000000001000000;70084
0000000000100000000001000000;70168
0000000001100000000101100000;70202
0000000001100000000100100000;70269
0000000001100000000100100000;70318
0000000001100000000100100000;70385
0000000001100000000100110000;70449
0000000001100000000100100000;70502
0000000000000000000000000000;70569
0000000000000000000000000000;70636
0000000000000000000000000000;70683
0000000000000000000000000000;70736
0000000000000000000000000000;70784
0000000000000000000000000000;70853
0000000000000000000000000000;70917
0000000000000000000000000000;70969
0000000000000000000000000000;71033
0000000000000000000000000000;71100
0000000000000000000000000000;71150
;
0000001100000000000000100000;75861
0000000100000000000000100000;75912
0000000100000000000000100000;75978
0000000110000000000000100000;76028
0000000010000000000000100000;76079
0000000011000000000000100000;76146
0000000001100000000000100000;76213
0000000001100000000000100000;76278
0000000001110000000000100000;76329
0000000000100000000000100000;76395
0000000000100000000000100000;76445
0000000000110000000000100000;76512
0000000000100000000000100000;76562
0000000000100000000001000000;76630
0000000000100000000001000000;76679
0000000000100000000001000000;76746
0000000000100000000011000000;76813
0000000000100000000011000000;76862
0000000001100000000111000000;76927
0000000001100000000111000000;76979
0000000001100000000110000000;77044
0000000001100000001100000000;77113
0000000001100000001000000000;77160
0000000000000000000100000000;77227
0000000001000000000000000000;77278
0000000001000000000100000000;77346
0000000001000000000100000000;77414
0000000000000000000000000000;77462
0000000000000000000000000000;77514
0000000000000000000000000000;77576
0000000000000000000000000000;77644
0000000000000000000000000000;77693
0000000000000000000000000000;77762
0000000000000000000000000000;77810
;
0000000001000000000100000000;80494
0000000001000000000100000000;80544
0000000001100000000110000000;80613
0000000001100000000110000000;80677
0000000001100000000110000000;80728
0000000001000000000111000000;80794
0000000001000000000101000000;80844
0000000001000000000101000000;80912
0000000001000000000101000000;80962
0000000001000000000100100000;81029
0000000011000000000100100000;81081
0000000011000000000100100000;81145
0000000011000000000100100000;81212
0000000111000000000100100000;81262
0000000101000000000100100000;81327
0000000101000000000100100000;81396
0000000101000000000100100000;81444
0000001001000000000101100000;81495
0000001100000000000101100000;81563
0000001000000000000101000000;81613
0000001001000000000111000000;81678
0000011001000000000111000000;81728
0000001000000000000110000000;81795
0000001100000000000110000000;81863
0000000100000000000110000000;81911
0000000110000000000110000000;81981
0000000110000000000110000000;82046
0000000010000000000010000000;82097
0000000011000000000010000000;82163
0000000011000000000010000000;82210
0000000011000000000010000000;82278
0000000001000000000001000000;82330
0000000001000000000001000000;82394
0000000001000000000000100000;82446
0000000001100000000000100000;82510
0000000001100000000000100000;82581
0000000000100000000000100000;82628
0000000000100000000000000000;82700
0000000000010000000000010000;82746
0000000000000000000000000000;82811
;
0000000001000000000100000000;85544
0000000001000000000100000000;85595
0000000001000000000110000000;85678
0000000001000000000110000000;85727
0000000001000000000110000000;85778
0000000001100000000011000000;85844
0000000000100000000001000000;85895
0000000000100000000001000000;85963
0000000000100000000001000000;86027
0000000000100000000001000000;86079
0000000001100000000000100000;86145
0000000001100000000000100000;86195
0000000001000000000000110000;86262
0000000001000000000000010000;86329
0000000001000000000000010000;86379
0000000011000000000000010000;86446
0000000010000000000000010000;86495
0000000010000000000000000000;86562
0000000000000000000000000000;86612
0000000100000000000000100000;86680
0000001000000000000000100000;86729
0000001000000000000000100000;86813
0000001000000000000000100000;86846
0000000000000000000001000000;86912
0000001100000000000001000000;86964
0000000100000000000001000000;87030
0000001100000000000111000000;87097
0000000100000000000110000000;87147
0000000110000000000100000000;87214
0000000110000000000100000000;87264
0000000011000000000100000000;87330
0000000011000000000110000000;87398
0000000011000000000110000000;87447
0000000011000000000110000000;87513
0000000011000000000101000000;87564
0000000001000000000101000000;87614
0000000001000000000100100000;87681
0000000001000000000100100000;87748
0000000001000000000000100000;87797
0000000001000000000000100000;87864
0000000001000000000000100000;87931
0000000001000000000000000000;87979
0000000000000000000000000000;88048
;
0000000001000000000100000000;90476
0000000001000000000100000000;90542
0000000001000000000100000000;90594
0000000001000000000100000000;90659
0000000001000000000100000000;90728
0000000001000000000100000000;90776
0000000001100000000100000000;90842
0000000001100000000100000000;90893
0000000001100000000100000000;90959
0000000001100000000100000000;91010
0000000000100000000010000000;91075
0000000000100000000011000000;91127
0000000000100000000001000000;91193
0000000000100000000001000000;91258
0000000000100000000001000000;91307
0000000000100000000001000000;91374
0000000000100000000000100000;91424
0000000001100000000000100000;91493
0000000001100000000000100000;91559
0000000001000000000000100000;91607
0000000001000000000000100000;91676
0000000001000000000000100000;91725
0000000001000000000000100000;91794
0000000011000000000001000000;91843
0000000011000000000001000000;91909
0000000010000000000001000000;91976
0000000000000000000000000000;92024
0000000000000000000010000000;92095
0000000100000000000010000000;92143
0000000100000000000110000000;92209
0000000100000000000100000000;92258
0000000100000000000100000000;92326
0000001100000000000101000000;92375
0000001100000000000100000000;92444
0000001100000000000110000000;92508
0000001000000000000010000000;92577
0000001100000000000001000000;92627
0000001100000000000001000000;92675
0000000100000000000001100000;92742
0000000100000000000001100000;92808
0000000100000000000001010000;92858
0000000100000000000001010000;92908
0000000000000000000000000000;92976
;
0000000100000000000100000000;99998
0000000100000000000100000000;100063
0000000100000000000100000000;100115
0000000100000000000100000000;100164
0000000100000000000100000000;100245
0000000100000000000110000000;100280
0000000110000000000110000000;100378
0000000110000000000110000000;100413
0000000110000000000110000000;100478
0000000010000000000010000000;100531
0000000010000000000010000000;100595
0000000000000000000001000000;100646
0000000001100000000001000000;100714
0000000000100000000001000000;100763
0000000000100000000001000000;100830
0000000000110000000001000000;100895
0000000000100000000001000000;100944
0000000000000000000000000000;101013
0000000000100000000010000000;101064
0000000000100000000010000000;101130
0000000000100000000110000000;101178
0000000001000000000110000000;101247
0000000001000000000110000000;101296
0000000001000000000110000000;101363
0000000001000000000110000000;101413
0000000011000000000110000000;101478
0000000011000000000110000000;101531
0000000011000000000110000000;101594
0000000011000000000110000000;101664
0000000011000000000110000000;101729
0000000011000000000110000000;101779
0000000010000000000110000000;101846
0000000010000000000010000000;101895
0000000010000000000010000000;101964
0000000010000000000011000000;102014
0000000010000000000001000000;102064
0000000010000000000001000000;102147
0000000011000000000000100000;102196
0000000011000000000000100000;102263
0000000001000000000000100000;102314
0000000001000000000000100000;102380
0000000001100000000000110000;102429
0000000000100000000000010000;102497
0000000000100000000000000000;102546
0000000000000000000000000000;102613
;
0000000001100000000100000000;106713
0000000001100000000100000000;106781
0000000001100000000100000000;106829
0000000001000000000100000000;106896
0000000011000000000100000000;106949
0000000010000000000100000000;107013
0000000110000000000100000000;107063
0000000100000000000100000000;107131
0000000100000000000100000000;107180
0000001100000000000010000000;107248
0000001000000000000010000000;107314
0000001000000000000010000000;107363
0000000100000000000001000000;107430
0000000100000000000001000000;107480
0000000100000000000001000000;107547
0000000100000000000001000000;107597
0000000110000000000001000000;107663
0000000110000000000001000000;107730
0000000010000000000001000000;107783
0000000011000000000001000000;107847
0000000011000000000001000000;107897
0000000011000000000001000000;107964
0000000011000000000001000000;108031
0000000010000000000001000000;108081
0000000010000000000001000000;108147
0000000110000000000001000000;108197
0000000100000000000001000000;108264
0000000100000000000001000000;108315
0000000100000000000001100000;108379
0000000100000000000001100000;108428
0000000100000000000000000000;108499
0000000000000000000000010000;108548
0000000010000000000000010000;108615
0000000010000000000000010000;108679
0000000000000000000000000000;108732
;
0000000001000000000000010000;108848
0000000000100000000000010000;108912
0000000000100000000000010000;108965
0000000000000000000000000000;109030
0000000000000000000000000000;109098
0000000000000000000000000000;109165
0000000000000000000000000000;109213
0000000000000000000000000000;109266
0000000000000000000000000000;109329
0000000000000000000000000000;109398
0000000000000000000000000000;109447
0000000000000000000000000000;109512
0000000000000000000000000000;109562
0000000000000000000000000000;109615
0000000000000000000000000000;109679
0000000000000000000000000000;109746
0000000000000000000000000000;109799
0000000000000000000000000000;109863
0000000000000000000000000000;109931
0000000000000000000000000000;109982
0000000000000000000000000000;110046
0000000000000000000000000000;110114
0000000000000000000000000000;110166
0000000000000000000000000000;110232
0000000000000000000000000000;110281
0000000000000000000000000000;110347
0000000000000000000000000000;110398
0000000000000000000000000000;110463
0000000000000000000000000000;110529
0000000000000000000000000000;110581
0000000000000000000000000000;110630
0000000000000000000000000000;110696
0000000000000000000000000000;110746
0000000000000000000000000000;110812
;
0000000001100000000100000000;114736
0000000001100000000100000000;114803
0000000001100000000100000000;114866
0000000001000000000100000000;114915
0000000011000000000100000000;114985
0000000011000000000100000000;115033
0000000010000000000100000000;115102
0000000110000000000100000000;115167
0000000110000000000100000000;115216
0000000100000000000100000000;115284
0000001100000000000110000000;115336
0000001100000000000110000000;115402
0000001100000000000110000000;115450
0000001100000000000010000000;115516
0000001100000000000010000000;115567
0000001100000000000011000000;115636
0000001100000000000011000000;115684
0000000100000000000011000000;115749
0000000110000000000001000000;115815
0000000110000000000001000000;115868
0000000110000000000001000000;115937
0000000011000000000001000000;115984
0000000011000000000001000000;116037
0000000011000000000001000000;116116
0000000001100000000001000000;116169
0000000001100000000001000000;116252
0000000000100000000001000000;116300
0000000000100000000001000000;116349
0000000000100000000001000000;116403
0000000000100000000001000000;116470
0000000001000000000001000000;116518
0000000001000000000001000000;116601
0000000010000000000001000000;116636
0000000010000000000001000000;116700
0000000110000000000001000000;116770
0000000100000000000001000000;116819
0000000100000000000001000000;116882
0000000100000000000001100000;116951
0000000100000000000000100000;117002
0000000100000000000000000000;117067
0000000010000000000000010000;117118
0000000010000000000000010000;117182
0000000010000000000000010000;117235
0000000010000000000000000000;117287
0000000000000000000000000000;117368
;
0000000000100000000000010000;117718
0000000000010000000000010000;117770
0000000000010000000000010000;117835
0000000000010000000000010000;117888
0000000000010000000000010000;117953
0000000000010000000000010000;118019
0000000000000000000000000000;118067
0000000000000000000000000000;118135
0000000000000000000000000000;118204
0000000000000000000000000000;118253
0000000000000000000000000000;118319
0000000000000000000000000000;118368
0000000000000000000000000000;118418
0000000000000000000000000000;118485
0000000000000000000000000000;118555
0000000000000000000000000000;118603
0000000000000000000000000000;118667
0000000000000000000000000000;118718
0000000000000000000000000000;118786
0000000000000000000000000000;118852
0000000000000000000000000000;118901
0000000000000000000000000000;118968
0000000000000000000000000000;119018
0000000000000000000000000000;119086
0000000000000000000000000000;119135
0000000000000000000000000000;119201
0000000000000000000000000000;119269
0000000000000000000000000000;119318
0000000000000000000000000000;119388
0000000000000000000000000000;119452
0000000000000000000000000000;119486
0000000000000000000000000000;119551
0000000000000000000000000000;119619
0000000000000000000000000000;119668
;
0000000010000000000100000000;127938
0000000010000000000100000000;128005
0000000010000000000100000000;128054
0000000010000000000100000000;128120
0000000010000000000100000000;128188
0000000010000000000100000000;128235
0000000010000000000100000000;128305
0000000010000000000100000000;128355
0000000010000000000100000000;128422
0000000011000000000100000000;128487
0000000011000000000100000000;128537
0000000001000000000111000000;128602
0000000001000000000101000000;128656
0000000000100000000001000000;128704
0000000000100000000001000000;128769
0000000000100000000001000000;128837
0000000000110000000001000000;128887
0000000000110000000001000000;128953
0000000000000000000000000000;129019
0000000000010000000010000000;129069
0000000000010000000010000000;129121
0000000000010000000010000000;129188
0000000000000000000010000000;129251
0000000000100000000110000000;129302
0000000001100000000110000000;129370
0000000001000000000110000000;129436
0000000001000000000110000000;129489
0000000001000000000111000000;129553
0000000011000000000111000000;129602
0000000011000000000111000000;129671
0000000011000000000101000000;129720
0000000010000000000001000000;129787
0000000010000000000001000000;129838
0000000110000000000001000000;129902
0000000100000000000001100000;129953
0000000100000000000000100000;130021
0000001100000000000000100000;130085
0000001000000000000000100000;130136
0000001000000000000000000000;130202
0000000000000000000001000000;130269
0000010000000000000011000000;130321
0000010000000000000011000000;130391
0000010000000000000010000000;130443
0000010000000000000010000000;130490
0000011000000000000010000000;130560
0000011000000000000010000000;130609
0000001100000000000110000000;130692
0000001100000000000110000000;130742
0000000100000000000110000000;130791
0000000110000000000010000000;130858
0000000110000000000010000000;130910
0000000110000000000001000000;130973
0000000010000000000001000000;131040
0000000010000000000001100000;131092
0000000010000000000001100000;131159
0000000011000000000000100000;131210
0000000011000000000000100000;131274
0000000001000000000000110000;131340
0000000001100000000000010000;131392
0000000000100000000000000000;131457
0000000000000000000000000000;131507
;
0000010000000000000010000000;138815
0000011000000000000010000000;138884
0000011000000000000010000000;138949
0000001100000000000010000000;138999
0000000100000000000011000000;139066
0000000010000000000011000000;139132
0000000010000000000011000000;139183
0000000001000000000000000000;139249
0000000000100000000011000000;139299
0000000000100000000011000000;139349
0000000000100000000011000000;139417
0000000000100000000011000000;139467
0000000000100000000011000000;139533
0000000000100000000001000000;139600
0000000000100000000001000000;139648
0000000000100000000001000000;139716
0000000000100000000001100000;139783
0000000000110000000000100000;139834
0000000000000000000000000000;139906
0000000000000000000000000000;139942
0000000000000000000000000000;140008
0000000000000000000000000000;140075
0000000000000000000000000000;140124
0000000000000000000000000000;140191
0000000000000000000000000000;140242
0000000000000000000000000000;140308
0000000000000000000000000000;140376
0000000000000000000000000000;140439
0000000000000000000000000000;140491
0000000000000000000000000000;140556
0000000000000000000000000000;140610
0000000000000000000000000000;140676
0000000000000000000000000000;140724
0000000000000000000000000000;140793
;
0000011000000000000000100000;143760
0000011000000000000000100000;143812
0000001100000000000000100000;143878
0000001100000000000000100000;143927
0000000110000000000000100000;143993
0000000011000000000000100000;144043
0000000001000000000000100000;144112
0000000001100000000000100000;144177
0000000001100000000000100000;144244
0000000001100000000000100000;144294
0000000001100000000000100000;144359
0000000001000000000000100000;144409
0000000001100000000001100000;144476
0000000001100000000001100000;144526
0000000001100000000000000000;144596
0000000000000000000010000000;144659
0000000001100000000110000000;144712
0000000001100000000100000000;144777
0000000001100000001100000000;144843
0000000001100000001100000000;144892
0000000001100000001100000000;144944
0000000000000000000000000000;144994
0000000001000000000100000000;145059
0000000001000000000100000000;145127
0000000001000000000100000000;145176
0000000001000000000100000000;145243
0000000001000000000100000000;145309
0000000001000000000100000000;145360
0000000001000000000100000000;145428
0000000001000000000100000000;145493
0000000001000000000100000000;145543
0000000001000000000100000000;145610
0000000001000000000100000000;145660
0000000001000000000100000000;145727
0000000001000000000100000000;145778
0000000001000000000100000000;145843
0000000001000000000100000000;145893
0000000000000000000000000000;145960
;
0000000001000000000100000000;149582
0000000001000000000100000000;149650
0000000001000000000100000000;149716
0000000001000000000100000000;149764
0000000001000000000100000000;149816
0000000001000000000100000000;149883
0000000001000000000100000000;149950
0000000000000000000000000000;150000
0000000000000000000000000000;150067
0000000000000000000000000000;150117
0000000001000000000100000000;150184
0000000001000000000100000000;150230
0000000001000000000100000000;150300
0000000001000000000100000000;150367
0000000001000000000100000000;150415
0000000001000000000100000000;150484
0000000001000000000100000000;150534
0000000001000000000100000000;150601
0000000001000000000100000000;150650
0000000001000000000100000000;150714
0000000001000000000100000000;150782
0000000001000000000100000000;150832
0000000001000000000100000000;150898
0000000001000000000100000000;150951
0000000001000000000100000000;151019
0000000001000000000100000000;151070
0000000001000000000100000000;151135
0000000001000000000100000000;151187
0000000001000000000100000000;151252
0000000001000000000100000000;151319
0000000001000000000100000000;151369
0000000001000000000100000000;151437
0000000001000000000100000000;151486
0000000001000000000100000000;151553
0000000001000000000100000000;151619
0000000001000000000100000000;151670
0000000001000000000100000000;151737
0000000001000000000100000000;151787
0000000001000000000100000000;151853
0000000001000000000100000000;151903
0000000001000000000100000000;151969
0000000001000000000100000000;152020
0000000001000000000100000000;152087
0000000001000000000100000000;152137
0000000001000000000100000000;152204
0000000001000000000100000000;152271
0000000001000000000100000000;152320
0000000001000000000100000000;152387
0000000001000000000100000000;152438
0000000001000000000100000000;152504
0000000001000000000100000000;152571
0000000001000000000100000000;152619
0000000001000000000100000000;152669
0000000001000000000100000000;152738
0000000001000000000100000000;152786
0000000001000000000100000000;152855
0000000001000000000100000000;152918
0000000001000000000100000000;152967
0000000001000000000100000000;153038
0000000001000000000100000000;153104
0000000001000000000100000000;153151
0000000001000000000100000000;153219
0000000001000000000100000000;153268
0000000001000000000100000000;153337
0000000001000000000100000000;153387
0000000001000000000100000000;153454
0000000001000000000100000000;153520
0000000001000000000100000000;153569
0000000001000000000100000000;153634
0000000001000000000100000000;153685
0000000001000000000100000000;153735
0000000001000000000100000000;153801
0000000001000000000100000000;153869
0000000001000000000100000000;153919
0000000001000000000100000000;154003
0000000001000000000100000000;154037
0000000001000000000100000000;154101
0000000001000000000100000000;154171
0000000001000000000100000000;154219
0000000001000000000100000000;154285
0000000001000000000100000000;154353
0000000001000000000100000000;154402
0000000001000000000100000000;154468
0000000001000000000100000000;154518
0000000001000000000100000000;154585
0000000001000000000100000000;154635
0000000001000000000100000000;154703
0000000001000000000100000000;154752
0000000001000000000100000000;154817
0000000001000000000100000000;154869
0000000001000000000100000000;154935
0000000001000000000100000000;155003
0000000001000000000100000000;155053
0000000001000000000100000000;155118
0000000001000000000100000000;155168
0000000001000000000100000000;155235
0000000001000000000100000000;155285
0000000001000000000100000000;155351
0000000001000000000100000000;155417
0000000001000000000100000000;155467
0000000001000000000100000000;155535
0000000001000000000100000000;155586
0000000001000000000100000000;155651
0000000001000000000100000000;155704
0000000001000000000100000000;155770
0000000001000000000100000000;155823
0000000001000000000100000000;155887
0000000001000000000100000000;155937
0000000001000000000100000000;156005
0000000001000000000100000000;156071
0000000001000000000100000000;156120
0000000001000000000100000000;156187
0000000001000000000100000000;156256
0000000001000000000100000000;156306
0000000001000000000100000000;156370
0000000001000000000100000000;156420
0000000001000000000100000000;156488
0000000001000000000100000000;156553
0000000001000000000100000000;156603
0000000001000000000100000000;156656
0000000001000000000100000000;156720
0000000001000000000100000000;156771
0000000001000000000100000000;156836
0000000001000000000100000000;156903
0000000001000000000100000000;156953
0000000001000000000100000000;157020
0000000001000000000100000000;157073
0000000001000000000100000000;157139
0000000001000000000100000000;157203
0000000001000000000100000000;157255
0000000001000000000100000000;157322
0000000001000000000100000000;157371
0000000001000000000100000000;157438
0000000001000000000100000000;157489
0000000001000000000100000000;157554
0000000001000000000100000000;157605
0000000001000000000100000000;157671
0000000001000000000100000000;157739
0000000001000000000100000000;157787
0000000001000000000100000000;157854
0000000001000000000100000000;157906
0000000001000000000100000000;157972
0000000001000000000100000000;158021
0000000001000000000100000000;158087
0000000001000000000100000000;158154
0000000001000000000100000000;158207
0000000001000000000100000000;158271
0000000001000000000100000000;158322
0000000001000000000100000000;158388
0000000001000000000100000000;158456
0000000001000000000100000000;158505
0000000001000000000100000000;158556
0000000001000000000100000000;158623
0000000001000000000100000000;158672
0000000001000000000100000000;158737
0000000001000000000100000000;158789
0000000001000000000100000000;158856
0000000001000000000100000000;158922
0000000001000000000100000000;158970
0000000001000000000100000000;159036
0000000001000000000100000000;159087
0000000001000000000100000000;159157
0000000001000000000100000000;159223
0000000001000000000100000000;159270
0000000001000000000100000000;159337
0000000001000000000100000000;159406
0000000001000000000100000000;159455
0000000001000000000100000000;159524
0000000001000000000100000000;159573
0000000001000000000100000000;159637
0000000001000000000100000000;159688
0000000001000000000100000000;159757
0000000001000000000100000000;159821
0000000001000000000100000000;159870
0000000001000000000100000000;159939
0000000001000000000100000000;159989
0000000001000000000100000000;160054
0000000001000000000100000000;160104
0000000001000000000100000000;160170
0000000001000000000100000000;160237
0000000001000000000100000000;160289
0000000001000000000100000000;160340
0000000001000000000100000000;160403
0000000001000000000100000000;160470
0000000000000000000000000000;160537
;
0000000000010000000100000000;170277
0000000000010000000100000000;170341
0000000000010000000100000000;170392
0000000000010000000100000000;170460
0000000000000000000000000000;170509
0000000000000000000010000000;170579
0000000000100000000010000000;170643
0000000000100000000010000000;170692
0000000001000000000001000000;170761
0000000001000000000001000000;170810
0000000001000000000001000000;170876
0000000010000000000001000000;170925
0000000010000000000001000000;170993
0000000110000000000001000000;171042
0000000100000000000001000000;171111
0000000100000000000001000000;171161
0000000100000000000001000000;171226
0000000100000000000111000000;171294
0000001100000000000110000000;171344
0000001100000000000100000000;171409
0000001100000000000100000000;171475
0000000100000000000101000000;171526
0000000110000000000100000000;171594
0000000110000000000100000000;171642
0000000110000000000100000000;171709
0000000010000000000100000000;171761
0000000011000000000100000000;171827
0000000011000000000100000000;171874
0000000001000000000100000000;171943
0000000001000000000110000000;171994
0000000001000000000010000000;172059
0000000000100000000010000000;172128
0000000000100000000001000000;172175
0000000000100000000000000000;172241
0000000000010000000000000000;172295
0000000000010000000000100000;172358
0000000000010000000000100000;172426
0000000000001000000000000000;172476
0000000000000000000000000000;172544
;
0000000000000000000000000000;172659
0000000000000000000000000000;172725
0000000000000000000000000000;172776
0000000000000000000000000000;172826
0000000000000000000000000000;172895
0000000000000000000000000000;172959
0000000000000000000000000000;173009
0000000000000000000000000000;173059
0000000000000000000000000000;173126
0000000000000000000000000000;173192
0000000000000000000000000000;173245
0000000000000000000000000000;173309
0000000000000000000000000000;173378
0000000000000000000000000000;173428
0000000000000000000000000000;173492
0000000000000000000000000000;173542
0000000000000000000000000000;173610
0000000000000000000000000000;173659
0000000000000000000000000000;173726
0000000000000000000000000000;173779
0000000000000000000000000000;173843
0000000000000000000000000000;173911
0000000000000000000000000000;173960
0000000000000000000000000000;174026
0000000000000000000000000000;174075
0000000000000000000000000000;174142
0000000000000000000000000000;174212
0000000000000000000000000000;174261
0000000000000000000000000000;174310
0000000000000000000000000000;174375
0000000000000000000000000000;174443
0000000000000000000000000000;174493
0000000000000000000000000000;174561
0000000000000000000000000000;174625
;
0000000000100000000100000000;181695
0000000001100000000100000000;181765
0000000001100000000110000000;181814
0000000001100000000110000000;181880
0000000000100000000010000000;181930
0000000000100000000011000000;181996
0000000000100000000001000000;182062
0000000000100000000001000000;182112
0000000000100000000001000000;182164
0000000001100000000001100000;182231
0000000001000000000000100000;182297
0000000001000000000000100000;182348
0000000001000000000000000000;182416
0000000000000000000000010000;182465
0000000010000000000000000000;182530
0000000000000000000000000000;182580
0000000000000000000000000000;182647
0000000100000000000000100000;182713
0000001000000000000000100000;182762
0000001000000000000001000000;182830
0000001000000000000001000000;182880
0000001000000000000011000000;182949
0000011000000000000010000000;182997
0000001000000000000010000000;183062
0000001000000000000110000000;183113
0000001100000000000100000000;183180
0000000100000000000100000000;183242
0000000100000000000100000000;183290
0000000110000000000100000000;183356
0000000110000000000100000000;183424
0000000110000000000100000000;183475
0000000110000000000100000000;183543
0000000010000000000110000000;183593
0000000011000000000110000000;183657
0000000011000000000110000000;183709
0000000011000000000011000000;183774
0000000010000000000001000000;183842
0000000011000000000011000000;183893
0000000011000000000011000000;183957
0000000011000000000111000000;184010
0000000011000000000001000000;184075
0000000011000000000001000000;184140
0000000011000000000001000000;184190
0000000000000000000000000000;184258
;
0000000000100000000100000000;190025
0000000000100000000100000000;190075
0000000000100000000010000000;190141
0000000000100000000001000000;190193
0000000000110000000000100000;190257
0000000000000000000000000000;190325
0000000000000000000000000000;190375
0000000000000000000000000000;190441
0000000000000000000000000000;190492
0000000000000000000000000000;190557
0000000000100000000000100000;190609
0000000001100000000000100000;190676
0000000001100000000000100000;190725
0000000001000000000000000000;190790
0000000010000000000001000000;190845
0000000100000000000011000000;190908
0000001100000000000110000000;190977
0000001100000000000110000000;191026
0000001100000000000110000000;191092
0000001100000000000110000000;191158
0000001100000000000010000000;191210
0000001100000000000011000000;191276
0000000100000000000001000000;191325
0000000110000000000001100000;191392
0000000110000000000000010000;191442
0000000110000000000000010000;191503
0000000110000000000000010000;191569
0000000110000000000000010000;191622
0000000010000000000000000000;191686
0000000000000000000000000000;191754
0000000000000000000000000000;191803
0000000000000000000000000000;191869
0000000000000000000000000000;191920
0000000000000000000000000000;191986
;
0000000110000000000100000000;194538
0000000110000000000100000000;194592
0000000110000000000100000000;194657
0000000110000000000100000000;194707
0000000110000000000100000000;194774
0000000110000000000100000000;194841
0000000110000000000100000000;194890
0000000010000000000110000000;194957
0000000011000000000010000000;195008
0000000001000000000001000000;195073
0000000001000000000001000000;195122
0000000001100000000001000000;195191
0000000001100000000001000000;195241
0000000000100000000001000000;195308
0000000000100000000001000000;195375
0000000000110000000001000000;195442
0000000000010000000001000000;195492
0000000000010000000001000000;195559
0000000000000000000000000000;195608
0000000000010000000010000000;195659
0000000000010000000010000000;195723
0000000000010000000010000000;195792
0000000000100000000010000000;195842
0000000001100000000110000000;195906
0000000001000000000110000000;195955
0000000011000000000110000000;196026
0000000011000000000111000000;196076
0000000011000000000101000000;196138
0000000011000000000101000000;196206
0000000001000000000100100000;196256
0000000001000000000100100000;196322
0000000001000000000100110000;196374
0000000001000000000000010000;196439
0000000000100000000000010000;196508
0000000000100000000000010000;196556
0000000000010000000000010000;196623
0000000000010000000000010000;196689
0000000000001000000000000000;196739
0000000000000000000000000000;196808
;
0000000000100000000100000000;199540
0000000001100000000100000000;199589
0000000001100000000100000000;199657
0000000001100000000100000000;199711
0000000001000000000100000000;199774
0000000001000000000100000000;199839
0000000001000000000100000000;199890
0000000011000000000100000000;199942
0000000010000000000100000000;200008
0000000110000000000100000000;200074
0000000100000000000100000000;200123
0000001100000000000110000000;200192
0000001000000000000110000000;200239
0000011000000000000010000000;200307
0000011000000000000010000000;200358
0000011000000000000010000000;200424
0000001000000000000011000000;200492
0000001100000000000001000000;200541
0000001100000000000001000000;200609
0000000100000000000000100000;200676
0000000110000000000000100000;200726
0000000010000000000000100000;200792
0000000011000000000000100000;200842
0000000001000000000000100000;200908
0000000001000000000000100000;200959
0000000001000000000000100000;201026
0000000001000000000000100000;201076
0000000001000000000000100000;201127
0000000001000000000000100000;201193
0000000010000000000000100000;201259
0000000010000000000000100000;201326
0000000110000000000000100000;201374
0000000100000000000000100000;201440
0000000100000000000000100000;201491
0000001000000000000000100000;201560
0000001000000000000000100000;201607
0000000000000000000000000000;201673
;
0000001000000000000000010000;201792
0000000100000000000000010000;201856
0000000000000000000000001000;201925
0000000010000000000000001000;201974
0000000010000000000000001000;202040
0000000011000000000000001000;202093
0000000001000000000000001000;202142
0000000001000000000000000000;202207
0000000000000000000000000000;202256
0000000000010000000000010000;202325
0000000000110000000000010000;202390
0000000000010000000000010000;202443
0000000000000000000000000000;202507
0000000000000000000000000000;202573
0000000000000000000000000000;202640
0000000000000000000000000000;202690
0000000000000000000000000000;202739
0000000000000000000000000000;202807
0000000000000000000000000000;202856
0000000000000000000000000000;202926
0000000000000000000000000000;202975
0000000000000000000000000000;203041
0000000000000000000000000000;203107
0000000000000000000000000000;203157
0000000000000000000000000000;203226
0000000000000000000000000000;203290
0000000000000000000000000000;203340
0000000000000000000000000000;203391
0000000000000000000000000000;203457
0000000000000000000000000000;203507
0000000000000000000000000000;203574
0000000000000000000000000000;203639
0000000000000000000000000000;203690
0000000000000000000000000000;203759
;
0000000000100000001000000000;213813
0000000000100000001000000000;213864
0000000000100000001000000000;213934
0000000000100000001000000000;213980
0000000000000000001000000000;214047
0000000001000000001000000000;214099
0000000001000000001000000000;214181
0000000000000000000000000000;214215
0000000000000000001000000000;214283
0000000001000000001000000000;214329
0000000001000000001000000000;214396
0000000100000000001000000000;214448
0000000100000000001000000000;214515
0000000100000000001000000000;214581
0000000100000000001000000000;214647
0000000100000000001000000000;214697
0000000100000000001000000000;214763
0000000100000000001100000000;214814
0000000100000000000100000000;214881
0000000100000000000100000000;214929
0000001100000000000100000000;214997
0000001100000000000100000000;215063
0000000100000000000100000000;215116
0000000100000000000100000000;215183
0000000100000000000100000000;215230
0000000110000000000100000000;215283
0000000110000000000100000000;215349
0000000110000000000100000000;215417
0000000110000000000110000000;215464
0000000110000000000110000000;215529
0000000010000000000110000000;215584
0000000011000000000110000000;215650
0000000011000000000110000000;215713
0000000001000000000110000000;215763
0000000001100000000110000000;215830
0000000001100000000110000000;215897
0000000001100000000110000000;215950
0000000001100000000110000000;216013
0000000001000000000110000000;216064
0000000001000000000110000000;216130
0000000011000000000110000000;216180
0000000011000000000110000000;216247
0000000011000000000110000000;216314
0000000111000000000011000000;216363
0000000110000000000011000000;216415
0000000110000000000001000000;216480
0000000110000000000001000000;216547
0000000110000000000001000000;216597
0000000110000000000001000000;216664
0000000110000000000001000000;216716
0000000110000000000001000000;216782
0000000110000000000001100000;216830
0000000011000000000000100000;216896
0000000011000000000000100000;216963
0000000001000000000000100000;217013
0000000001000000000000100000;217080
0000000001100000000000100000;217130
0000000000110000000000100000;217197
0000000000010000000000100000;217247
0000000000010000000000100000;217314
0000000000010000000000100000;217381
0000000000010000000000100000;217430
0000000000010000000000100000;217480
0000000000010000000000100000;217547
0000000000000000000000000000;217614
;
0000000010000000000100000000;223324
0000000010000000000100000000;223373
0000000010000000000100000000;223441
0000000011000000000100000000;223507
0000000011000000000100000000;223559
0000000011000000000100000000;223624
0000000001000000000110000000;223674
0000000001000000000110000000;223725
0000000001000000000110000000;223790
0000000001100000000011000000;223861
0000000000100000000001000000;223923
0000000000100000000001000000;223973
0000000000110000000001000000;224024
0000000000110000000001000000;224091
0000000000010000000001000000;224157
0000000000010000000001000000;224207
0000000000000000000000000000;224274
0000000000000000000000000000;224325
0000000000011000000110000000;224391
0000000000011000000110000000;224441
0000000000010000000010000000;224506
0000000000010000000010000000;224574
0000000000110000000010000000;224627
0000000000100000000010000000;224691
0000000000100000000010000000;224758
0000000001000000000011000000;224807
0000000001000000000001000000;224874
0000000001000000000001000000;224924
0000000011000000000001000000;224974
0000000010000000000001000000;225040
0000000010000000000001000000;225091
0000000000000000000001000000;225157
0000000100000000000001000000;225225
0000000100000000000001000000;225274
0000001100000000000001000000;225341
0000001100000000000001000000;225407
0000001000000000000001000000;225459
0000001000000000000010000000;225525
0000001100000000000010000000;225575
0000001100000000000011000000;225641
0000000100000000000011000000;225691
0000000110000000000011000000;225757
0000000110000000000011000000;225809
0000000010000000000011000000;225876
0000000011000000000001000000;225925
0000000011000000000001000000;225992
0000000001000000000000100000;226059
0000000001100000000000100000;226109
0000000000100000000000010000;226176
0000000000100000000000010000;226226
0000000000100000000000010000;226293
0000000000000000000000000000;226359
;
0000000000100000000100000000;262972
0000000000000000000000000000;263038
0000000000000000000000000000;263105
0000000000000000000000000000;263157
0000000000000000000000000000;263207
0000000000000000000000000000;263272
0000000000000000000000000000;263341
0000000000000000000000000000;263406
0000000000000000000000000000;263454
0000000000000000000000000000;263508
0000000000000000000000000000;263573
0000000000000000000000000000;263623
0000000000000000000000000000;263690
0000000000000000000000000000;263740
0000000000000000000000000000;263805
0000000000000000000000000000;263874
0000000000000000000000000000;263923
0010000000000000000010000000;263989
0010000000000000000010000000;264055
0010000000000000000000000000;264105
0000000000000000000000000000;264174
0000000000000000000000000000;264222
0000000000000000000000000000;264289
0000000000000000000000000000;264341
0000000000000000000000000000;264406
0000000000000000000000000000;264474
0000000000000000000000000000;264523
0000000000000000000000000000;264589
0000000000000000000000000000;264656
0000000000000000000000000000;264692
0000000000000000000000000000;264756
0000000000000000000000000000;264824
0000000000000000000000000000;264874
0000000000000000000000000000;264940
;
