UserID: 1
x;
null;
no;
5.0;9.0;0.0;
5.0;6.0;235.0;
5.0;6.0;289.0;
6.0;8.333333;464.0;
9.0;8.333333;713.0;
;
tab;
hat;
no;
8.0;9.5;0.0;
8.0;8.333333;350.0;
6.0;9.5;701.0;
3.0;8.666667;884.0;
;
x;
bowl;
no;
5.0;9.0;0.0;
7.0;9.0;417.0;
7.0;9.5;1066.0;
5.0;10.0;1417.0;
7.0;9.5;1968.0;
9.0;8.333333;2085.0;
;
doubleSlope;
z;
no;
5.0;9.0;0.0;
7.0;8.5;249.0;
7.0;9.0;299.0;
;
doubleSlope;
bowl;
no;
5.0;9.0;0.0;
7.0;9.0;182.0;
8.0;9.0;251.0;
12.0;9.0;1733.0;
;
dart;
bowl;
no;
5.0;9.5;0.0;
7.0;9.5;900.0;
3.0;9.5;8084.0;
5.0;9.0;8383.0;
7.0;9.0;8566.0;
5.0;8.666667;9050.0;
7.0;9.5;9817.0;
9.0;9.0;10001.0;
;
doubleSlope;
bowl;
no;
4.0;9.5;0.0;
6.0;9.5;351.0;
6.0;9.5;417.0;
8.0;9.5;1234.0;
10.0;9.5;1534.0;
;
x;
w;
no;
5.0;9.5;0.0;
6.0;8.666667;117.0;
7.0;9.5;1432.0;
5.0;9.5;2199.0;
7.0;9.0;2615.0;
9.0;8.666667;2865.0;
;
dart;
w;
no;
5.0;9.5;0.0;
6.0;8.666667;784.0;
7.0;8.666667;834.0;
9.0;8.666667;1068.0;
;
pigtail;
w;
no;
9.0;10.666667;0.0;
9.0;9.5;468.0;
9.0;9.0;835.0;
7.0;8.5;1418.0;
5.0;8.5;1715.0;
;
zigzag;
bowl;
no;
8.0;9.5;0.0;
6.0;9.5;518.0;
6.0;9.0;584.0;
4.0;9.0;767.0;
;
tab;
bowl;
no;
5.0;9.0;0.0;
7.0;9.0;413.0;
7.0;9.0;480.0;
5.0;10.333333;1663.0;
6.0;9.0;2147.0;
9.0;8.333333;2264.0;
;
w;
z;
no;
5.0;8.666667;0.0;
7.0;9.0;348.0;
7.0;9.5;401.0;
5.0;11.0;1614.0;
;
doubleSlope;
zigzag;
no;
8.0;9.5;0.0;
;
leftAngle;
zigzag;
no;
5.0;9.0;0.0;
6.0;9.5;66.0;
7.0;9.0;116.0;
4.0;11.0;717.0;
7.0;11.0;1018.0;
8.0;9.5;1069.0;
;
w;
z;
no;
4.0;10.0;0.0;
5.0;9.0;116.0;
6.0;8.0;183.0;
5.0;10.0;834.0;
;
rightAngle;
zigzag;
no;
4.0;8.0;0.0;
6.0;10.0;1420.0;
7.0;9.5;1652.0;
10.0;9.5;2905.0;
;
x;
bowl;
no;
5.0;9.5;0.0;
5.0;7.0;534.0;
7.0;10.0;1317.0;
;
hat;
zigzag;
no;
7.0;10.0;0.0;
9.0;9.0;232.0;
10.0;8.0;299.0;
;
slope;
zigzag;
no;
5.0;9.0;0.0;
5.0;7.5;116.0;
10.0;8.666667;834.0;
;
leftAngle;
zigzag;
no;
8.0;10.0;0.0;
8.0;8.0;185.0;
8.0;8.0;233.0;
;
z;
w;
no;
5.0;9.0;0.0;
7.0;8.0;183.0;
;
w;
w;
yes;
4.0;8.0;0.0;
7.0;8.0;289.0;
6.0;12.0;1483.0;
;
tab;
zigzag;
no;
7.0;9.0;0.0;
;
hat;
zigzag;
no;
5.0;7.0;0.0;
7.0;7.0;167.0;
8.0;7.0;240.0;
5.0;11.0;1000.0;
9.0;10.0;1370.0;
;
z;
z;
yes;
4.0;9.5;0.0;
5.0;9.0;299.0;
5.5;9.0;2086.0;
8.0;8.666667;2504.0;
;
