UserID: 1
doubleSlope;
null;
no;
5.0;10.0;0.0;
6.5;10.0;234.0;
7.5;10.0;289.0;
9.0;9.5;595.0;
9.0;11.333333;1131.0;
;
hat;
hat;
yes;
4.0;12.0;0.0;
6.0;12.0;367.0;
6.0;12.0;433.0;
8.0;12.0;601.0;
7.5;10.5;1018.0;
7.5;8.5;1382.0;
;
tab;
bowl;
no;
9.0;9.0;0.0;
8.0;11.0;884.0;
8.0;11.0;949.0;
6.0;11.0;1300.0;
6.5;9.5;1668.0;
8.0;10.0;1949.0;
9.5;11.0;2269.0;
10.0;13.0;2548.0;
;
w;
slope;
no;
9.0;9.0;0.0;
10.0;10.0;537.0;
10.0;10.5;601.0;
9.0;12.0;1020.0;
7.0;12.0;1252.0;
6.5;10.0;1486.0;
8.0;9.0;1786.0;
8.5;11.0;2137.0;
;
dart;
spiral;
no;
8.0;9.0;0.0;
9.0;11.0;364.0;
8.5;11.0;417.0;
7.0;10.5;1014.0;
5.5;9.5;1131.0;
6.0;11.0;1733.0;
;
dart;
z;
no;
7.5;9.0;0.0;
8.0;10.0;349.0;
9.0;12.0;515.0;
7.5;11.0;1351.0;
9.0;13.0;1668.0;
11.0;13.0;1898.0;
;
tab;
hat;
no;
10.0;10.0;0.0;
9.0;9.5;233.0;
8.5;9.5;349.0;
7.0;10.0;534.0;
9.0;11.5;1200.0;
7.5;12.0;1548.0;
8.0;14.0;2201.0;
;
tab;
bowl;
no;
8.0;9.0;0.0;
9.0;9.5;1065.0;
10.0;11.0;1302.0;
8.0;11.0;2254.0;
6.5;10.5;2736.0;
8.0;10.0;3036.0;
9.0;12.0;3387.0;
;
zigzag;
z;
no;
6.0;10.0;0.0;
7.0;9.5;234.0;
7.5;9.5;299.0;
9.5;9.5;532.0;
10.0;11.0;898.0;
;
doubleSlope;
hat;
no;
6.0;12.0;0.0;
7.5;12.0;234.0;
8.0;12.0;285.0;
10.0;12.0;535.0;
9.5;10.0;1132.0;
9.5;8.0;1366.0;
;
bowl;
bowl;
yes;
9.0;9.0;0.0;
9.0;10.5;599.0;
8.5;10.5;651.0;
6.5;10.666667;1133.0;
7.5;9.5;1550.0;
9.0;11.0;1900.0;
11.0;13.0;2316.0;
;
bowl;
slope;
no;
9.0;9.0;0.0;
9.5;10.5;364.0;
10.0;11.0;415.0;
9.0;12.5;781.0;
7.0;12.0;1200.0;
6.5;10.0;1617.0;
8.5;9.0;1850.0;
9.0;10.5;2201.0;
;
bowl;
spiral;
no;
9.0;9.0;0.0;
10.0;10.0;649.0;
10.0;10.5;702.0;
9.5;12.0;1068.0;
8.0;11.0;1551.0;
7.0;9.5;1783.0;
6.5;11.0;2202.0;
;
c;
spiral;
no;
7.0;9.0;0.0;
8.0;10.0;601.0;
9.5;11.0;784.0;
10.0;9.5;1249.0;
8.0;9.5;1917.0;
8.5;12.0;2266.0;
10.0;13.0;2567.0;
;
x;
pigtail;
no;
10.0;9.0;0.0;
8.5;9.0;286.0;
8.0;9.0;351.0;
6.5;10.0;586.0;
8.0;11.0;1120.0;
8.0;13.0;1953.0;
;
pigtail;
bowl;
no;
9.0;13.0;0.0;
;
pigtail;
bowl;
no;
9.5;9.0;0.0;
8.0;9.0;419.0;
7.5;9.0;484.0;
6.5;10.5;953.0;
8.5;11.0;1301.0;
7.0;11.5;2268.0;
8.0;13.0;2435.0;
;
swipe;
bowl;
no;
10.0;13.0;0.0;
;
leftAngle;
bowl;
no;
8.0;9.0;0.0;
9.0;10.0;716.0;
10.0;11.0;819.0;
9.5;9.5;1484.0;
8.0;11.0;1901.0;
6.5;12.0;2200.0;
5.0;10.5;2435.0;
6.5;9.5;2807.0;
7.5;11.0;3088.0;
9.0;12.5;3455.0;
;
pigtail;
doubleSlope;
no;
5.0;10.0;0.0;
6.5;10.0;233.0;
7.0;10.5;300.0;
10.0;10.5;534.0;
10.5;12.0;1068.0;
;
x;
hat;
no;
5.0;12.0;0.0;
6.5;12.0;184.0;
7.5;12.0;300.0;
9.5;12.0;484.0;
9.5;9.5;1020.0;
;
rightAngle;
w;
no;
9.0;9.0;0.0;
;
rightAngle;
w;
no;
11.0;9.0;0.0;
10.0;10.0;417.0;
9.0;11.0;534.0;
7.0;11.0;885.0;
6.5;9.5;1118.0;
8.0;9.0;1535.0;
10.0;10.0;1902.0;
11.0;12.0;2132.0;
;
z;
slope;
no;
12.0;12.0;0.0;
;
bowl;
slope;
no;
10.0;9.0;0.0;
10.0;10.5;365.0;
10.0;11.0;431.0;
7.0;12.0;1081.0;
6.0;10.5;1317.0;
6.5;9.0;1548.0;
8.0;9.5;1962.0;
8.5;11.0;2444.0;
;
spiral;
spiral;
yes;
10.0;9.0;0.0;
10.0;11.0;236.0;
10.5;12.0;300.0;
8.0;11.0;888.0;
6.5;9.5;1020.0;
7.0;11.0;1367.0;
7.5;13.0;1485.0;
;
