UserID: 9999999
0000100000000000000000010000;31266
0000000000000000000000100000;31317
0000100000000000000000000000;31370
0000010000000000000100000000;31495
0000001100000000001000000000;31495
0000000001000000010000000000;31563
0000000000010000010000000000;31614
0000000000001000001000000000;31677
0000000000010000001100000000;31729
0000000001000000000010000000;31794
0000000100000000000001000000;31846
0000100000000000000000100000;31913
0001000000000000000000010000;31976
0001000000000000000000001000;32028
0000100000000000000000001000;32077
0000000100000000000000001000;32148
0000000001000000000000000100;32207
0000000000100000000000000010;32258
0000000001000000000000000001;32326
0000001000000000000000000000;32392
0000000000000000000000000000;32447
0000000000000000000000000000;32510
0000000000000000000000000000;32558
0000000000000000000000000000;32629
0000000000000000000000000000;32693
0000000000000000000000000000;32742
0000000000000000000000000000;32809
0000000000000000000000000000;32861
0000000000000000000000000000;32926
0000000000000000000000000000;32975
0000000000000000000000000000;33043
0000000000000000000000000000;33109
0000000000000000000000000000;33160
0000000000000000000000000000;33210
0000000000000000000000000000;33278
;
0000000001000001100000000000;34214
0000000100000001100000000000;34215
0000011000000000100000000000;34215
0000010000000000010000000000;34215
0000010000000000001000000000;34215
0000001100000000000100000000;34215
0000000011000000000011000000;34230
0000000001100000000001100000;34293
0000000001100000000000110000;34367
0000000011000000000000110000;34416
0000000100000000000000010000;34468
0000001000000000000000001000;34517
0000000000000000000000000000;34602
0000000000000000000000000000;34633
0000000000000000000000000000;34700
0000000000000000000000000000;34769
0000000000000000000000000000;34834
0000000000000000000000000000;34885
0000000000000000000000000000;34933
0000000000000000000000000000;35002
0000000000000000000000000000;35064
0000000000000000000000000000;35113
0000000000000000000000000000;35179
0000000000000000000000000000;35248
0000000000000000000000000000;35312
0000000000000000000000000000;35370
0000000000000000000000000000;35418
0000000000000000000000000000;35487
0000000000000000000000000000;35535
0000000000000000000000000000;35585
0001000000000000000000000000;35655
0001000000000000000001000000;35705
0001100000000000000000000000;35772
0000000000000000010000000000;35838
0000001000000001000000000000;35905
0000000011000011000000000000;35954
0000000000100001000000000000;36022
0000000000010000010000000000;36071
0000000000010000000010000000;36137
0000000000010000000000010000;36198
0000000000010000000000000100;36250
0000000000110000000000000000;36332
0000000000000000000000000000;36366
;
0000000000001000000000001000;61400
0000000000011000000000001000;61470
0000000000011000000000001000;61519
0000000000010000000000001000;61587
0000000000010000000000001000;61651
0000000000010000000000001000;61702
0000000000110000000000011000;61750
0000000001000000000000010000;61854
0000000011000000000000110000;61885
0000000010000000000000100000;61934
0000000110000000000000100000;62001
0000000100000000000001000000;62053
0000001000000000000011000000;62118
0000010000000000000110000000;62184
0000100000000000000110000000;62235
0001100000000000001100000000;62301
0011000000000000001100000000;62350
0010000000000000001000000000;62417
0010000000000000001000000000;62484
0010000000000000000000000000;62534
0000000000000000000000000000;62583
0000000000000000000000000000;62653
0000000000000000000000000000;62700
0000000000000000000000000000;62767
0000000000000000000000000000;62836
0000000000000000000000000000;62883
0000000000000000000000000000;62950
0000000000000000000000000000;63000
0000000000000000000000000000;63068
0000000000000000000000000000;63134
0000000000000000000000000000;63186
0000000000000000000000000000;63251
0000000000000000000000000000;63302
0000000000000000000000000000;63368
;
0000010000000000011000000000;69431
0000010000000000011000000000;69517
0000010000000000011000000000;69550
0000010000000000011000000000;69616
0000010000000000011000000000;69666
0000010000000000011000000000;69732
0000010000000000011000000000;69782
0000010000001000011000000100;69849
0000011000011000011000000100;69900
0000011000011000011000000100;69965
0000011000010000011000001100;70032
0000011000010000011000001100;70100
0000011000110000011000001000;70149
0000011100110000001100001000;70201
0000011100110000001100001000;70267
0000011100110000001100001000;70315
0000001100010000001100000000;70383
0000011100000000001100000000;70451
0000011100000000001100000000;70498
0000001100000000001100000000;70566
0000001100000000001100000000;70615
0000001100000000001100000000;70682
0000111100000000111100000000;70767
0000111100000001101100000000;70802
0000111100000001101110000000;70866
0000100110000001101011000000;70916
0000100011000001110001100000;70983
0000100001100001110000110000;71050
0000100000110001100000110000;71099
0000100000011001100000011000;71166
0000100000001001100000010000;71234
0000100000001001100000010000;71282
0000100000000001100000000000;71333
0000100000000001100000000000;71449
0000100000000001100000000000;71482
0000100000000001100000000000;71532
0000100000000001000000000000;71582
0000000000000000000000000000;71633
;
0000010000000000000000000010;79061
0000010000000000000000000100;79128
0000010000000000000000000000;79176
0000110000000000000001100000;79243
0000010000000000000110000000;79312
0000011000000000001100000000;79360
0000001100000000001000000000;79426
0000001100000000001000000000;79476
0000000100000000001100000000;79543
0000000110000000000010000000;79609
0000000010000000000001000000;79692
0000000001000000000000110000;79727
0000000001100000000000011000;79775
0000000000100000000000001000;79827
0000000000010000000000001000;79895
0000000000001000000000011000;79959
0000000000000000000000000000;80009
0000000000000000000000000000;80078
0000000000000000000000000000;80143
0000000000000000000000000000;80193
0000000000000000000000000000;80261
0000000000000000000000000000;80326
0000000000000000000000000000;80377
0000000000000000000000000000;80429
0000000000000000000000000000;80493
0000000000000000000000000000;80544
0000000000000000000000000000;80610
0000000000000000000000000000;80661
0000000000000000000000000000;80727
0000000000000000000000000000;80777
0000000000000000000000000000;80845
0000000000000000000000000000;80910
0000000000000000000000000000;80978
0000000000000000000000100000;81028
0000001100000000000000110000;81078
0000001100000000000000110000;81143
0000001100000000000000100000;81211
0000000000000000000000000000;81261
;
0000000000001000000000000010;1147233
0000000000001000000000000010;1147282
0000000000000000000000000000;1147349
0000000000000000000000000000;1147416
0000000000000000000000000000;1147466
0000000000000000000000000000;1147532
0000000000000000000000000000;1147584
0000000000000000000000000000;1147648
0000000000000000000000000000;1147716
0000000000000000000000000000;1147767
0000000000000000000000000000;1147832
0000000000000000000000000000;1147883
0000000000000000000000000000;1147951
0000000000000000000000000000;1147999
0000000000000000000000000000;1148099
0000000000000000000000000000;1148115
0000000000000000000000000000;1148182
0000000000000000000000000000;1148233
0000000000000000000000000000;1148299
0000000000000000000000000000;1148365
0000000000000000000000000000;1148416
0000000000000000000000000000;1148483
0000000000000000000000000000;1148533
0000000000000000000000000000;1148600
0000000000000000000000000000;1148666
0000000000000000000000000000;1148734
0000000000000000000000000000;1148767
0000000000000000000000000000;1148832
0000000000000000000000000000;1148883
0000000000000000000000000000;1148949
0000000000000000000000000000;1149019
0000000000000000000000000000;1149068
0000000000000000000000000000;1149132
0000000000000000000000000000;1149182
;
0000001000000000100000000000;1196284
0000001100000000100000000000;1196334
0000000100000000100000000000;1196404
0000000010000000100000000000;1196454
0000000011000000100000000000;1196522
0000000001000000100000000000;1196573
0000000000100000010000000000;1196637
0000000000100000001000000000;1196706
0000000000100000000100000000;1196756
0000000000100000000010000000;1196820
0000000000100000000011000000;1196887
0000000000100000000001100000;1196939
0000000001100000000000100000;1197005
0000000001000000000000010000;1197054
0000000010000000000000001000;1197122
0000000010000000000000001000;1197220
0000000100000000000000001000;1197237
0000001000000000000000001000;1197287
0000010000000000000000001000;1197356
0000110000000000000000010000;1197421
0000100000000000000000010000;1197471
0000100000000000000000100000;1197526
0000100000000000000000000000;1197594
0001000000000000000001000000;1197660
0001000000000000000010000000;1197710
0001100000000000000010000000;1197777
0000100000000000000110000000;1197826
0000100000000000000100000000;1197893
0000010000000000001000000000;1197945
0000011000000000001000000000;1198010
0000001100000000001000000000;1198060
0000000100000000001000000000;1198129
0000000110000000001100000000;1198176
0000000010000000000100000000;1198242
0000000010000000000100000000;1198292
0000000010000000000100000000;1198361
0000000010000000000100000000;1198427
0000000000000000000000000000;1198475
;
0000000100000000001000000000;1201401
0000000110000000001000000000;1201466
0000000010000000001000000000;1201517
0000000001000000010000000000;1201570
0000000001000000010000000000;1201641
0000000001000000100000000000;1201689
0000000001000001100000000000;1201755
0000000001000001000000000000;1201822
0000000001000001000000000000;1201872
0000000011000011000000000000;1201939
0000000010000001000000000000;1201988
0000000110000001100000000000;1202056
0000000100000000100000000000;1202105
0000000100000000010000000000;1202171
0000000110000000010000000000;1202239
0000000110000000001000000000;1202322
0000000010000000000000000000;1202354
0000000001000000000100000000;1202408
0000000001000000000010000000;1202471
0000000000000000000001000000;1202521
0000000000100000000001000000;1202589
0000000001100000000000100000;1202638
0000000001100000000000110000;1202705
0000000001100000000000110000;1202755
0000000001000000000000010000;1202822
0000000010000000000000010000;1202889
0000000100000000000000010000;1202954
0000000100000000000000010000;1203007
0000001000000000000000010000;1203073
0000001000000000000000100000;1203122
0000001000000000000001100000;1203190
0000001000000000000001000000;1203239
0000001100000000000011000000;1203304
0000000110000000000010000000;1203357
0000000011000000000110000000;1203421
0000000001100000000100000000;1203471
0000000001100000000100000000;1203538
0000000000100000000100000000;1203589
0000000001100000000100000000;1203655
0000000001100000000000000000;1203721
0000000000000000000000000000;1203773
;
0000110000000000001000000000;1207935
0000110000000000000100000000;1207988
0000100000000000000010000000;1208054
0000110000000000000010000000;1208121
0000000000000000000001000000;1208171
0000010000000000000001000000;1208238
0000010000000000000000100000;1208304
0000000000000000000000010000;1208354
0000001000000000000000010000;1208404
0000001000000000000000010000;1208471
0000000100000000000000100000;1208539
0000000100000000000000100000;1208588
0000000100000000000001000000;1208655
0000000110000000000011000000;1208722
0000000110000000000010000000;1208769
0000000110000000000100000000;1208822
0000000010000000001000000000;1208889
0000000010000000001000000000;1208953
0000000110000000001000000000;1209004
0000000010000000000100000000;1209069
0000000010000000000010000000;1209121
0000000010000000000001000000;1209188
0000000010000000000000100000;1209253
0000000010000000000000110000;1209304
0000000001000000000000110000;1209370
0000000001100000000000010000;1209437
0000000001100000000000010000;1209489
0000000000110000000000100000;1209553
0000000000010000000000100000;1209603
0000000000011000000001000000;1209672
0000000000011000000010000000;1209720
0000000000011000000100000000;1209786
0000000000000000000000000000;1209839
0000000000010000001000000000;1209904
0000000000010000000000000000;1209969
0000000000000000000000000000;1210020
;
0000010000000000000000000010;1216251
0000010000000000000000000000;1216335
0000000000000000000000000100;1216385
0000100000000000000000000000;1216435
0000000000000000000000001000;1216502
0001000000000000000000000000;1216552
0000100000000000000000010000;1216619
0000100000000000000000110000;1216685
0000100000000000000000100000;1216736
0000110000000000000000100000;1216802
0000010000000000000000100000;1216869
0000010000000000000000010000;1216918
0000001000000000000000010000;1216986
0000001000000000000000010000;1217035
0000001000000000000000001000;1217086
0000001100000000000000001000;1217152
0000001100000000000000001000;1217219
0000001100000000000000001000;1217269
0000001100000000000000001000;1217334
0000001000000000000000010000;1217386
0000001000000000000000100000;1217453
0000001000000000000001100000;1217502
0000001000000000000001000000;1217570
0000001000000000000010000000;1217637
0000001000000000000110000000;1217686
0000001100000000000100000000;1217754
0000001100000000001000000000;1217818
0000001100000000001000000000;1217869
0000000100000000011000000000;1217937
0000000110000000010000000000;1217983
0000000110000000110000000000;1218037
0000000010000000110000000000;1218117
0000000011000000110000000000;1218168
0000000011000000010000000000;1218221
0000000011000000010000000000;1218284
0000000001000000001000000000;1218336
0000000001000000001100000000;1218401
0000000001000000001100000000;1218468
0000000001000000000110000000;1218517
0000000001000000000011000000;1218584
0000000001100000000001100000;1218636
0000000001000000000000100000;1218701
0000000001000000000000110000;1218770
0000000001000000000000110000;1218820
0000000001000000000000011000;1218885
0000000001000000000000001000;1218951
0000000001000000000000001100;1219000
0000000001000000000000001100;1219067
0000000001000000000000001100;1219116
0000000001000000000000001100;1219186
0000000001000000000000001000;1219234
0000000001000000000000001000;1219300
0000000000100000000000010000;1219352
0000000000100000000000010000;1219402
0000000000011000000000010000;1219468
0000000000001000000000010000;1219533
0000000000001000000000010000;1219586
0000000000000000000000000000;1219651
;
0000000000001000000000000001;1219884
0000000000011000000000000000;1219953
0000000000010000000000000001;1220008
0000000000010000000000000000;1220057
0000000000000000000000000000;1220124
0000000000000000000000000000;1220192
0000000000000000000000000000;1220240
0000000000000000000000000000;1220308
0000000000000000000000000000;1220360
0000000000000000000000000000;1220425
0000000000000000000000000000;1220491
0000000000000000000000000000;1220542
0000000000000000000000000000;1220608
0000000000000000000000000000;1220675
0000000000000000000000000000;1220725
0000000000000000000000000000;1220791
0000000000000000000000000000;1220843
0000000000000000000000000000;1220908
0000000000000000000000000000;1220958
0000000000000000000000000000;1221009
0000000000000000000000000000;1221075
0000000000000000000000000000;1221148
0000000000000000000000000000;1221198
0000000000000000000000000000;1221266
0000000000000000000000000000;1221314
0000000000000000000000000000;1221383
0000000000000000000000000000;1221449
0000000000000000000000000000;1221501
0000000000000000000000000000;1221550
0000000000000000000000000000;1221617
0000000000000000000000000000;1221681
0000000000000000000000000000;1221734
0000000000000000000000000000;1221783
0000000000000000000000000000;1221848
;
0000010000000000000000000000;1223940
0000000000000000000000000100;1223992
0000100000000000000000000100;1224057
0000000000000000000000000000;1224107
0000000000000000000000001000;1224175
0001000000000000000000000000;1224223
0000100000000000000000010000;1224291
0001100000000000000000100000;1224340
0000100000000000000000100000;1224407
0000100000000000000000100000;1224473
0000010000000000000001100000;1224524
0000010000000000000001100000;1224591
0000010000000000000000100000;1224656
0000001000000000000000100000;1224706
0000001000000000000000100000;1224774
0000001000000000000000110000;1224823
0000001000000000000000010000;1224890
0000001000000000000000110000;1224942
0000001000000000000000110000;1225006
0000001000000000000000110000;1225073
0000001000000000000000100000;1225125
0000001000000000000001100000;1225176
0000001000000000000011000000;1225289
0000001000000000000010000000;1225307
0000001000000000000110000000;1225357
0000001000000000000100000000;1225424
0000001000000000001100000000;1225474
0000001100000000001000000000;1225541
0000001100000000001000000000;1225590
0000000100000000010000000000;1225656
0000000110000000010000000000;1225724
0000000010000000010000000000;1225773
0000000011000000010000000000;1225840
0000000011000000011000000000;1225908
0000000001100000001000000000;1225959
0000000001100000000100000000;1226010
0000000001100000000010000000;1226076
0000000000100000000001000000;1226140
0000000001100000000001100000;1226190
0000000001100000000000110000;1226260
0000000001100000000000010000;1226307
0000000001100000000000010000;1226372
0000000001000000000000010000;1226425
0000000001000000000000010000;1226491
0000000001000000000000110000;1226556
0000000001000000000000010000;1226606
0000000001100000000000110000;1226675
0000000001100000000000100000;1226723
0000000000110000000000100000;1226790
0000000000011000000000100000;1226842
0000000000011000000000110000;1226906
0000000000001000000000010000;1226972
0000000000001000000000001000;1227026
0000000000001000000000000100;1227092
0000000000001000000000000010;1227145
0000000000001000000000000001;1227196
0000000000010000000000000011;1227264
0000000000110000000000000001;1227329
0000000001100000000000000001;1227379
0000000001000000000000000011;1227446
0000000001000000000000000010;1227496
0000000001000000000000000011;1227562
0000000000000000000000000000;1227630
;
0000000110000000000110000000;1236237
0000000110000000000110000000;1236301
0000000110000000000110000000;1236367
0000000000000000000000000000;1236418
0000000000000000000000000000;1236485
0000000000000000000000000000;1236535
0000000000000000000000000000;1236602
0000000000000000000000000000;1236668
0000000000000000000000000000;1236718
0000000000000000000000000000;1236785
0000000000000000000000000000;1236836
0000000000000000000000000000;1236885
0000000000000000000000000000;1236951
0000000000000000000000000000;1237003
0000000000000000000000000000;1237069
0000000000000000000000000000;1237135
0000000000000000000000000000;1237187
0000000000000000000000000000;1237252
0000000000000000000000000000;1237319
0000000000000000000000000000;1237386
0000000000000000000000000000;1237437
0000000000000000000000000000;1237486
0000000000000000000000000000;1237553
0000000000000000000000000000;1237620
0000000000000000000000000000;1237670
0000000000000000000000000000;1237737
0000000000000000000000000000;1237787
0000000000000000000000000000;1237853
0000000000000000000000000000;1237904
0000000000000000000000000000;1237971
0000000000000000000000000000;1238037
0000000000000000000000000000;1238085
0000000000000000000000000000;1238138
0000000000000000000000000000;1238201
;
0000010000000000000000000100;1251426
0000100000000000000000000100;1251461
0000100000000000000000000100;1251529
0000000000000000000000001000;1251580
0000100000000000000000001000;1251643
0000100000000000000000010000;1251712
0000100000000000000000010000;1251763
0000100000000000000000100000;1251827
0000010000000000000000100000;1251877
0000010000000000000000100000;1251946
0000001000000000000000100000;1251995
0000001000000000000000100000;1252060
0000001000000000000000010000;1252110
0000001100000000000000010000;1252178
0000000100000000000000011000;1252228
0000000100000000000000001000;1252293
0000000100000000000000001000;1252362
0000000100000000000000001000;1252410
0000000100000000000000011000;1252477
0000000100000000000000011000;1252544
0000000100000000000000010000;1252595
0000000100000000000000100000;1252661
0000000100000000000000100000;1252711
0000000100000000000001000000;1252778
0000000100000000000010000000;1252828
0000000100000000000110000000;1252878
0000000100000000000100000000;1252961
0000000100000000001000000000;1253011
0000000100000000001000000000;1253059
0000000110000000010000000000;1253129
0000000110000000010000000000;1253195
0000000010000000110000000000;1253245
0000000011000000100000000000;1253343
0000000011000000100000000000;1253362
0000000001000000110000000000;1253426
0000000001000000010000000000;1253495
0000000001000000011000000000;1253545
0000000001100000001000000000;1253614
0000000001100000001100000000;1253659
0000000001000000000100000000;1253726
0000000001000000000110000000;1253797
0000000001000000000010000000;1253843
0000000001000000000010000000;1253894
0000000001000000000001100000;1253977
0000000001000000000000100000;1254026
0000000001000000000000110000;1254077
0000000001000000000000010000;1254144
0000000001000000000000011000;1254193
0000000001100000000000001000;1254262
0000000001100000000000001000;1254310
0000000001100000000000001000;1254376
0000000001100000000000001000;1254446
0000000001100000000000001000;1254493
0000000001100000000000010000;1254559
0000000001100000000000110000;1254610
0000000001100000000000100000;1254678
0000000000110000000000100000;1254742
0000000000001000000000100000;1254793
0000000000000000000000000000;1254860
;
0000000000011000000000000001;1255259
0000000000110000000000000011;1255326
0000000000100000000000000011;1255392
0000000000100000000000000010;1255442
0000000000100000000000000010;1255509
0000000001100000000000000010;1255558
0000000000000000000000000000;1255626
0000000000000000000000000000;1255692
0000000000000000000000000000;1255741
0000000000000000000000000000;1255810
0000000000000000000000000000;1255893
0000000000000000000000000000;1255928
0000000000000000000000000000;1255978
0000000000000000000000000000;1256042
0000000000000000000000000000;1256092
0000000000000000000000000000;1256162
0000000000000000000000000000;1256217
0000000000000000000000000000;1256281
0000000000000000000000000000;1256347
0000000000000000000000000000;1256397
0000000000000000000000000000;1256466
0000000000000000000000000000;1256530
0000000000000000000000000000;1256580
0000000000000000000000000000;1256648
0000000000000000000000000000;1256697
0000000000000000000000000000;1256763
0000000000000000000000000000;1256816
0000000000000000000000000000;1256865
0000000000000000000000000000;1256931
0000000000000000000000000000;1256997
0000000000000000000000000000;1257047
0000000000000000000000000000;1257119
0000000000000000000000000000;1257167
0000000000000000000000000000;1257233
;
