UserID: 1
dart;
null;
no;
8.0;10.0;0.0;
10.0;10.0;234.0;
11.0;10.0;302.0;
12.0;13.0;886.0;
;
doubleSlope;
z;
no;
6.0;12.0;0.0;
8.0;12.5;166.0;
9.5;12.5;236.0;
11.0;12.0;299.0;
11.0;8.5;902.0;
;
rightAngle;
w;
no;
11.0;10.0;0.0;
10.0;11.0;299.0;
10.0;12.5;414.0;
8.0;12.0;665.0;
8.0;10.0;1016.0;
9.5;9.5;1315.0;
11.0;10.0;1448.0;
;
x;
spiral;
no;
11.0;12.0;0.0;
9.0;12.0;233.0;
9.0;11.5;301.0;
8.5;10.0;535.0;
10.0;9.0;1136.0;
;
slope;
hat;
no;
9.0;10.0;0.0;
9.0;12.0;185.0;
9.0;12.5;252.0;
8.0;11.0;600.0;
6.5;9.5;785.0;
6.0;11.0;1183.0;
6.5;13.0;1317.0;
;
dart;
z;
no;
6.0;9.0;0.0;
6.0;10.5;372.0;
7.0;11.0;422.0;
9.0;11.0;607.0;
7.5;10.0;1023.0;
6.0;10.5;1272.0;
7.0;12.5;1558.0;
8.5;13.0;1672.0;
;
doubleSlope;
pigtail;
no;
9.5;9.0;0.0;
7.5;9.0;186.0;
7.0;9.0;234.0;
8.0;10.5;601.0;
6.5;11.0;1417.0;
7.0;12.5;1901.0;
8.5;13.0;2084.0;
10.0;12.5;2385.0;
;
x;
w;
no;
9.0;9.0;0.0;
9.5;10.5;349.0;
10.0;11.0;401.0;
8.0;11.5;1654.0;
6.0;12.0;1954.0;
6.0;10.0;2435.0;
7.5;11.0;2671.0;
8.5;12.5;2838.0;
;
leftAngle;
spiral;
no;
6.0;10.5;0.0;
7.5;10.5;235.0;
8.0;11.0;302.0;
10.0;10.5;486.0;
10.0;12.5;951.0;
;
w;
hat;
no;
5.0;12.5;0.0;
7.0;13.0;300.0;
7.5;13.0;352.0;
9.0;12.5;482.0;
10.0;11.0;1133.0;
;
swipe;
w;
no;
9.0;9.0;0.0;
8.5;10.0;165.0;
8.0;10.5;284.0;
7.0;12.0;550.0;
5.0;12.0;767.0;
4.5;10.0;1119.0;
6.0;9.5;1419.0;
7.5;10.0;1953.0;
9.0;11.0;2249.0;
9.5;12.5;2454.0;
;
spiral;
slope;
no;
8.0;10.0;0.0;
9.0;11.0;300.0;
9.0;12.0;417.0;
7.0;13.0;717.0;
5.0;12.0;1068.0;
5.0;10.0;1369.0;
6.5;9.0;1667.0;
7.0;10.5;1966.0;
;
zigzag;
spiral;
no;
8.5;9.0;0.0;
8.0;10.0;336.0;
8.5;11.0;451.0;
6.0;10.5;1051.0;
5.0;12.0;1819.0;
;
z;
hat;
no;
6.0;9.0;0.0;
6.5;10.5;300.0;
7.0;11.0;350.0;
9.0;12.0;650.0;
8.0;10.0;1016.0;
7.0;11.5;1301.0;
8.5;13.0;1550.0;
10.0;14.0;1785.0;
;
zigzag;
pigtail;
no;
9.0;9.5;0.0;
7.0;9.0;352.0;
7.0;9.5;419.0;
7.5;11.0;886.0;
5.0;12.0;1354.0;
6.0;13.5;1604.0;
7.5;14.0;1903.0;
9.5;13.0;2254.0;
;
pigtail;
bowl;
no;
7.5;9.0;0.0;
8.0;10.5;350.0;
9.0;11.0;584.0;
11.0;12.0;711.0;
10.0;10.0;1312.0;
8.0;11.0;1661.0;
6.5;12.0;1962.0;
;
bowl;
pigtail;
no;
4.0;11.0;0.0;
4.5;10.0;168.0;
5.5;10.0;350.0;
7.0;11.0;534.0;
7.5;13.0;720.0;
;
bowl;
hat;
no;
6.0;9.0;0.0;
6.0;10.5;350.0;
6.5;10.5;416.0;
8.5;11.0;767.0;
7.0;10.0;1251.0;
5.0;12.0;1665.0;
4.0;10.5;2149.0;
5.5;10.0;2485.0;
6.0;11.5;2667.0;
7.0;13.0;2915.0;
;
dart;
z;
no;
4.0;10.0;0.0;
5.5;10.5;234.0;
6.0;10.5;300.0;
7.5;10.0;400.0;
8.0;11.5;1066.0;
8.5;13.5;1315.0;
;
pigtail;
hat;
no;
5.0;12.0;0.0;
6.5;12.0;253.0;
7.0;12.5;302.0;
9.5;12.5;484.0;
10.0;11.0;950.0;
9.5;9.5;1135.0;
;
pigtail;
bowl;
no;
10.0;10.0;0.0;
9.0;11.0;466.0;
8.5;11.0;583.0;
7.5;12.5;834.0;
5.0;12.0;1117.0;
4.0;10.5;1651.0;
6.0;9.0;2015.0;
7.0;10.5;2382.0;
8.0;12.0;2667.0;
9.0;13.5;2967.0;
;
rightAngle;
slope;
no;
8.5;9.0;0.0;
8.0;10.0;166.0;
8.0;10.5;235.0;
7.5;12.0;651.0;
6.0;12.5;818.0;
4.5;12.0;1182.0;
4.0;10.0;1550.0;
5.5;9.0;1783.0;
7.0;10.0;2251.0;
;
swipe;
spiral;
no;
9.0;9.0;0.0;
9.0;10.5;467.0;
8.5;11.0;600.0;
8.5;13.0;901.0;
7.0;11.5;1235.0;
6.0;10.0;1482.0;
4.5;10.5;2201.0;
5.0;12.0;2316.0;
;
pigtail;
z;
no;
6.0;9.0;0.0;
7.0;10.5;533.0;
7.0;10.5;601.0;
9.0;11.0;897.0;
8.0;9.5;1317.0;
6.5;10.0;1483.0;
6.0;11.5;1784.0;
8.0;13.0;2015.0;
;
x;
pigtail;
no;
9.0;9.5;0.0;
8.0;9.0;117.0;
7.5;9.0;183.0;
5.5;9.0;651.0;
4.5;10.5;952.0;
6.0;11.0;1248.0;
4.0;12.5;1903.0;
6.0;14.0;2304.0;
8.0;14.0;2671.0;
;
dart;
w;
no;
7.5;9.0;0.0;
7.0;10.0;251.0;
8.0;11.0;484.0;
10.0;11.0;834.0;
8.0;10.0;1202.0;
6.0;12.0;1720.0;
;
