UserID: 2
null;
no;
4.0;13.0;0.0;
4.0;11.333333;244.0;
4.0;10.5;309.0;
4.5;9.0;587.0;
5.5;7.5;844.0;
7.5;7.5;897.0;
;
rightAngle;
no;
8.5;7.0;0.0;
7.5;6.5;66.0;
5.0;7.0;129.0;
3.5;6.5;260.0;
;
w;
no;
3.0;7.0;0.0;
5.0;7.0;102.0;
6.5;7.5;170.0;
8.5;8.5;282.0;
9.5;10.0;404.0;
9.5;12.0;475.0;
8.0;14.0;657.0;
5.5;14.0;768.0;
4.0;13.0;874.0;
2.0;12.5;943.0;
3.0;10.5;1127.0;
5.5;10.0;1300.0;
7.5;9.0;1367.0;
9.0;8.5;1482.0;
;
slope;
no;
4.0;5.5;0.0;
5.5;5.5;82.0;
7.0;5.5;115.0;
8.5;6.0;183.0;
12.0;8.5;374.0;
9.0;13.0;678.0;
7.0;13.0;712.0;
4.5;13.0;781.0;
2.0;10.5;906.0;
3.0;8.5;1064.0;
5.5;8.5;1129.0;
7.5;9.5;1262.0;
;
spiral;
no;
2.5;5.5;0.0;
4.5;5.5;54.0;
5.5;6.0;127.0;
8.5;6.0;178.0;
9.5;8.0;455.0;
8.0;9.0;472.0;
5.5;10.0;556.0;
4.0;11.0;604.0;
2.0;12.0;707.0;
3.5;13.5;947.0;
5.5;14.0;1042.0;
9.0;15.0;1127.0;
;
z;
no;
4.0;14.0;0.0;
6.0;13.0;46.0;
8.0;11.0;174.0;
4.5;10.0;290.0;
7.0;11.0;587.0;
8.5;9.5;701.0;
12.0;7.0;880.0;
;
leftAngle;
no;
2.0;9.5;0.0;
1.5;10.5;144.0;
1.5;11.0;177.0;
2.5;13.0;303.0;
5.0;14.0;459.0;
7.0;11.0;591.0;
6.5;9.5;775.0;
7.0;11.5;959.0;
8.0;13.0;1075.0;
9.5;12.5;1257.0;
12.0;8.0;1663.0;
;
leftAngle;
no;
3.0;10.0;0.0;
6.0;10.0;168.0;
8.5;9.5;245.0;
10.0;7.0;468.0;
8.0;7.0;568.0;
6.5;7.5;585.0;
5.5;9.5;715.0;
6.5;13.0;887.0;
6.0;15.0;1131.0;
4.0;15.0;1240.0;
1.0;13.0;1500.0;
3.5;12.0;1601.0;
7.5;12.5;1716.0;
9.5;13.0;1796.0;
;
doubleSlope;
no;
4.0;13.5;0.0;
4.0;11.0;79.0;
3.5;10.0;179.0;
3.5;8.333333;250.0;
5.5;7.0;510.0;
8.5;7.5;545.0;
;
rightAngle;
no;
10.0;14.0;0.0;
10.0;12.0;121.0;
9.5;8.0;394.0;
8.5;6.5;540.0;
5.0;6.5;698.0;
2.5;6.5;765.0;
;
leftAngle;
no;
4.5;8.0;0.0;
5.5;8.5;95.0;
7.5;9.0;178.0;
9.5;10.0;280.0;
7.0;15.0;727.0;
3.0;13.0;876.0;
3.5;11.5;999.0;
7.5;10.5;1161.0;
9.5;10.5;1179.0;
;
slope;
no;
4.5;7.0;0.0;
6.5;7.5;66.0;
8.5;8.0;119.0;
10.0;14.0;424.0;
2.0;13.0;724.0;
1.0;10.0;848.0;
3.5;10.0;951.0;
6.5;10.5;1090.0;
;
spiral;
no;
2.0;5.5;0.0;
3.0;6.0;67.0;
5.5;6.0;133.0;
8.0;7.0;194.0;
10.0;7.0;230.0;
8.5;8.5;418.0;
6.5;9.5;512.0;
4.5;10.0;532.0;
3.0;11.0;674.0;
8.0;12.5;890.0;
10.0;12.5;980.0;
;
z;
no;
4.0;13.0;0.0;
5.5;12.0;63.0;
7.5;11.5;114.0;
7.5;9.0;242.0;
6.0;8.5;312.0;
4.0;8.5;358.0;
2.0;10.0;488.0;
5.5;12.0;649.0;
7.5;11.0;717.0;
9.5;9.5;807.0;
12.0;7.0;1012.0;
;
pigtail;
no;
1.0;9.5;0.0;
1.0;13.0;171.0;
2.5;13.0;244.0;
5.5;10.5;421.0;
6.0;12.5;708.0;
7.5;13.0;784.0;
9.5;12.5;934.0;
;
w;
no;
2.0;10.0;0.0;
3.5;10.5;133.0;
6.0;11.0;184.0;
8.5;11.0;236.0;
9.0;8.0;495.0;
7.0;8.5;539.0;
5.5;10.5;670.0;
6.0;12.5;782.0;
5.0;15.0;1014.0;
3.0;15.0;1134.0;
2.0;12.5;1362.0;
4.0;12.0;1431.0;
8.0;12.5;1541.0;
;
z;
no;
4.0;13.0;0.0;
4.0;11.333333;61.0;
3.5;11.5;169.0;
4.0;9.0;190.0;
5.5;6.5;497.0;
7.5;7.0;550.0;
;
rightAngle;
no;
9.5;13.5;0.0;
10.0;12.0;134.0;
10.0;9.5;198.0;
9.5;8.0;300.0;
6.5;7.5;633.0;
4.5;7.0;651.0;
;
leftAngle;
no;
3.0;7.0;0.0;
4.5;7.0;66.0;
7.5;8.0;135.0;
9.5;10.0;236.0;
10.0;13.0;446.0;
6.0;15.0;588.0;
3.0;13.0;784.0;
4.0;10.5;897.0;
8.5;9.0;1035.0;
;
spiral;
no;
4.0;6.0;0.0;
6.5;7.0;85.0;
8.0;8.0;179.0;
9.5;10.0;247.0;
10.0;12.0;377.0;
7.5;13.0;553.0;
5.5;13.0;674.0;
3.5;12.5;725.0;
3.5;10.0;858.0;
5.0;9.5;908.0;
8.0;8.5;988.0;
;
spiral;
no;
3.0;6.0;0.0;
4.5;6.0;67.0;
6.0;6.5;134.0;
8.0;7.0;186.0;
2.0;13.0;845.0;
0.5;10.0;1026.0;
2.5;9.0;1108.0;
4.5;9.5;1141.0;
6.5;9.5;1278.0;
;
spiral;
no;
4.5;6.0;0.0;
6.5;6.5;53.0;
9.0;7.0;153.0;
9.5;9.0;347.0;
7.5;11.0;413.0;
5.0;12.0;466.0;
3.0;13.0;608.0;
4.5;14.0;829.0;
7.0;14.0;880.0;
9.0;14.0;995.0;
;
z;
no;
6.0;13.0;0.0;
7.5;11.5;47.0;
8.0;11.0;110.0;
7.0;9.5;243.0;
5.0;9.5;296.0;
3.5;10.0;407.0;
6.5;11.0;585.0;
10.0;10.0;710.0;
;
leftAngle;
no;
2.0;9.5;0.0;
1.5;10.5;51.0;
1.0;11.5;154.0;
2.5;13.0;173.0;
5.5;13.0;315.0;
6.0;11.0;349.0;
7.5;13.0;761.0;
9.5;13.0;897.0;
12.0;11.0;998.0;
12.0;9.0;1109.0;
12.0;7.0;1243.0;
;
w;
no;
3.5;9.5;0.0;
4.5;10.0;110.0;
7.5;11.0;178.0;
12.0;9.0;347.0;
6.5;8.5;589.0;
7.0;12.0;762.0;
7.0;14.0;899.0;
5.0;15.0;1066.0;
3.0;15.0;1149.0;
2.0;13.0;1251.0;
5.0;11.5;1470.0;
7.5;12.0;1488.0;
;
