UserID: 2
null;
no;
5.0;13.5;0.0;
4.5;12.5;77.0;
4.5;11.0;144.0;
4.0;8.0;222.0;
5.0;6.5;416.0;
7.0;7.0;593.0;
9.0;7.5;692.0;
11.0;8.0;883.0;
;
rightAngle;
no;
12.0;15.0;0.0;
11.5;14.0;172.0;
11.5;13.5;224.0;
10.5;10.5;458.0;
11.5;9.0;639.0;
8.0;8.5;884.0;
6.5;9.0;993.0;
4.0;9.0;1063.0;
;
leftAngle;
no;
4.0;8.0;0.0;
5.5;8.5;101.0;
7.0;9.5;157.0;
9.5;10.0;325.0;
10.5;12.0;396.0;
10.0;15.0;579.0;
3.0;15.0;949.0;
3.5;13.0;1416.0;
4.5;11.5;1592.0;
7.0;10.5;1716.0;
9.0;10.0;1768.0;
10.0;8.5;1861.0;
;
slope;
no;
4.5;8.5;0.0;
6.5;8.0;32.0;
8.5;8.0;121.0;
11.0;8.5;224.0;
11.5;11.5;437.0;
11.0;13.0;506.0;
9.0;14.5;643.0;
7.0;15.0;692.0;
5.0;14.0;769.0;
3.0;13.0;871.0;
5.0;10.5;1063.0;
6.5;10.0;1111.0;
8.0;9.5;1205.0;
;
spiral;
no;
2.5;7.0;0.0;
3.5;6.5;49.0;
4.5;6.5;114.0;
7.5;7.5;268.0;
9.0;8.0;285.0;
8.0;10.0;705.0;
6.0;12.0;890.0;
6.5;16.0;937.0;
3.5;16.0;1041.0;
5.5;15.5;1198.0;
8.5;15.5;1300.0;
10.5;16.0;1420.0;
;
z;
no;
4.0;16.5;0.0;
4.5;15.5;36.0;
6.0;14.5;163.0;
8.0;13.333333;296.0;
8.5;11.5;400.0;
8.0;10.0;458.0;
5.5;10.5;526.0;
4.0;11.0;642.0;
5.0;12.333333;816.0;
7.5;12.5;883.0;
10.0;11.5;988.0;
11.5;10.0;1233.0;
;
pigtail;
no;
2.5;11.666667;0.0;
2.0;12.8;234.0;
4.0;13.6;350.0;
5.0;15.0;477.0;
6.5;13.5;607.0;
8.0;13.25;1005.0;
9.5;14.5;1123.0;
11.5;13.0;1303.0;
11.5;10.5;1607.0;
;
w;
no;
2.5;12.0;0.0;
3.5;11.666667;86.0;
5.0;12.0;158.0;
8.5;12.0;322.0;
10.0;11.0;340.0;
9.0;9.0;517.0;
7.5;8.5;566.0;
6.0;10.0;742.0;
7.5;11.5;992.0;
7.5;13.666667;1175.0;
7.5;11.75;1298.0;
7.0;10.0;1348.0;
3.5;16.0;2006.0;
5.5;14.5;2309.0;
8.5;14.5;2474.0;
10.0;15.0;2539.0;
;
doubleSlope;
no;
5.0;14.0;0.0;
4.5;13.0;54.0;
4.5;11.5;166.0;
4.5;9.5;360.0;
6.5;9.5;720.0;
8.0;8.5;772.0;
10.0;9.0;894.0;
;
rightAngle;
no;
11.0;16.5;0.0;
11.5;15.5;124.0;
11.0;14.5;272.0;
10.5;12.5;423.0;
10.0;9.8;566.0;
7.0;9.5;835.0;
5.4;8.5;990.0;
;
leftAngle;
no;
3.0;7.0;0.0;
4.5;7.0;65.0;
6.0;7.5;143.0;
8.0;8.5;229.0;
9.25;10.0;358.0;
9.5;11.5;529.0;
8.666667;13.5;658.0;
5.0;14.5;785.0;
3.0;14.0;914.0;
4.0;12.5;1072.0;
5.0;11.0;1140.0;
6.0;9.0;1230.0;
10.0;8.5;1248.0;
11.0;7.0;1480.0;
;
slope;
no;
2.5;7.0;0.0;
3.5;6.5;48.0;
4.0;6.5;109.0;
6.0;7.0;160.0;
8.0;7.5;294.0;
10.0;8.0;416.0;
11.0;9.25;583.0;
10.0;10.75;818.0;
8.5;13.5;942.0;
7.0;14.0;1025.0;
6.3333335;11.333333;1059.0;
4.8;11.333333;1127.0;
5.0;9.333333;1360.0;
6.6666665;8.5;1533.0;
8.5;7.0;1770.0;
;
slope;
no;
10.0;7.0;0.0;
;
slope;
no;
10.0;7.0;0.0;
;
slope;
no;
10.0;7.0;0.0;
;
slope;
no;
3.0;7.0;0.0;
4.0;8.0;93.0;
5.0;8.0;194.0;
7.5;8.0;301.0;
9.5;8.0;486.0;
10.5;9.25;609.0;
10.5;12.5;958.0;
10.5;10.666667;1008.0;
8.5;11.0;1220.0;
10.0;10.5;1320.0;
4.0;13.5;1379.0;
5.6666665;10.0;1432.0;
7.2;9.25;1734.0;
9.0;7.0;1959.0;
;
z;
no;
10.0;7.0;0.0;
;
z;
no;
10.0;7.0;0.0;
8.5;7.0;929.0;
;
z;
no;
3.0;5.0;0.0;
4.0;5.5;69.0;
4.5;6.0;148.0;
6.5;6.5;249.0;
8.5;7.5;348.0;
8.0;9.5;774.0;
6.5;10.0;930.0;
4.5;11.5;1092.0;
4.0;13.5;1126.0;
2.0;16.0;1268.0;
3.5;16.5;1602.0;
6.0;17.0;1724.0;
8.0;17.0;1790.0;
10.0;16.5;1842.0;
;
leftAngle;
no;
4.0;16.5;0.0;
4.5;15.5;140.0;
5.5;15.5;187.0;
7.5;14.0;308.0;
8.0;12.5;359.0;
9.0;11.0;431.0;
7.5;10.0;667.0;
5.5;10.5;780.0;
7.0;11.25;1049.0;
8.5;11.0;1205.0;
10.5;10.75;1256.0;
11.0;9.0;1365.0;
;
leftAngle;
no;
2.0;13.0;0.0;
2.0;14.5;262.0;
2.5;14.75;295.0;
2.0;17.0;418.0;
4.0;17.0;469.0;
5.5;15.5;574.0;
7.0;15.0;829.0;
8.5;15.5;1087.0;
10.5;15.5;1225.0;
11.0;13.0;1309.0;
12.0;11.0;1417.0;
;
w;
no;
2.0;10.5;0.0;
3.5;11.0;49.0;
4.0;11.5;145.0;
5.5;12.0;163.0;
8.5;12.0;311.0;
11.0;11.0;412.0;
10.0;7.0;645.0;
8.5;8.5;713.0;
7.0;9.0;823.0;
7.0;11.0;1116.0;
7.5;14.5;1358.0;
7.5;16.5;1420.0;
5.0;16.0;1906.0;
7.0;15.0;2189.0;
10.0;15.0;2314.0;
11.5;14.5;2455.0;
;
z;
yes;
4.5;16.0;0.0;
4.5;14.0;159.0;
4.5;12.5;195.0;
4.5;10.75;370.0;
5.5;9.5;599.0;
6.8;8.5;720.0;
9.0;8.5;785.0;
11.0;8.5;954.0;
10.0;7.0;1136.0;
;
rightAngle;
no;
10.0;7.0;0.0;
;
rightAngle;
no;
10.0;7.0;0.0;
;
rightAngle;
yes;
11.0;13.0;0.0;
11.5;12.0;110.0;
11.0;10.0;233.0;
11.5;7.0;384.0;
10.0;6.5;586.0;
8.0;7.3333335;655.0;
5.5;6.5;704.0;
3.5;6.0;860.0;
;
