UserID: 1
doubleSlope;
null;
no;
3.0;10.0;0.0;
4.0;10.5;346.0;
4.5;10.5;401.0;
6.0;10.0;643.0;
8.0;9.5;826.0;
6.5;10.5;940.0;
8.0;11.666667;1123.0;
8.0;13.5;1292.0;
;
w;
hat;
no;
5.0;13.0;0.0;
4.0;13.5;112.0;
6.5;12.5;465.0;
6.6666665;10.0;697.0;
7.5;8.5;821.0;
;
dart;
bowl;
no;
8.0;10.0;0.0;
7.5;11.0;183.0;
7.0;11.5;234.0;
6.0;13.5;419.0;
4.5;13.0;700.0;
3.0;10.0;884.0;
5.0;10.0;1251.0;
6.0;11.5;1419.0;
7.5;13.5;1536.0;
;
pigtail;
spiral;
no;
8.0;9.0;0.0;
8.0;10.5;116.0;
8.5;10.5;183.0;
8.5;12.5;416.0;
7.0;13.0;822.0;
5.0;12.0;1123.0;
5.0;9.5;1356.0;
7.0;11.0;1838.0;
;
leftAngle;
spiral;
no;
8.0;9.0;0.0;
8.5;10.0;189.0;
8.5;10.5;238.0;
8.5;13.0;406.0;
7.5;11.5;707.0;
6.5;10.0;890.0;
6.0;12.0;1257.0;
5.5;14.0;1358.0;
;
doubleSlope;
pigtail;
no;
5.0;9.0;0.0;
5.0;10.5;186.0;
5.5;10.5;251.0;
6.0;12.5;483.0;
8.0;11.5;733.0;
8.5;9.5;834.0;
6.75;10.0;1434.0;
5.5;13.0;1784.0;
6.0;15.0;2217.0;
8.0;16.0;2334.0;
;
swipe;
pigtail;
no;
8.5;9.5;0.0;
7.5;9.0;284.0;
7.0;8.5;399.0;
5.6666665;9.5;650.0;
5.0;11.0;768.0;
6.5;11.5;1019.0;
5.0;13.5;2019.0;
7.0;13.5;2921.0;
;
w;
bowl;
no;
5.0;8.5;0.0;
6.0;9.5;233.0;
5.5;10.0;283.0;
6.5;11.5;467.0;
8.0;10.0;816.0;
8.5;8.5;934.0;
7.0;9.5;1117.0;
6.5;11.0;1366.0;
6.0;13.0;1668.0;
4.0;12.0;2134.0;
5.5;11.5;2368.0;
6.0;13.5;2734.0;
;
slope;
pigtail;
no;
3.0;10.0;0.0;
4.0;9.5;299.0;
4.5;9.5;418.0;
6.0;10.0;668.0;
6.5;11.5;1086.0;
7.5;13.0;1200.0;
;
z;
hat;
no;
3.0;13.0;0.0;
4.0;12.5;238.0;
4.5;12.5;284.0;
5.5;11.0;767.0;
6.5;9.5;950.0;
7.0;7.0;1067.0;
;
dart;
bowl;
no;
8.0;9.0;0.0;
7.0;10.5;286.0;
7.0;11.0;352.0;
5.0;11.5;837.0;
2.5;10.0;1017.0;
3.5;8.5;1135.0;
5.0;10.0;1667.0;
6.25;11.0;1901.0;
7.5;12.0;2135.0;
;
z;
slope;
no;
7.0;10.0;0.0;
7.5;11.5;184.0;
7.5;11.5;251.0;
7.0;13.0;650.0;
5.5;12.5;951.0;
5.0;11.0;1134.0;
4.0;9.5;1318.0;
5.25;10.5;1900.0;
7.0;12.5;2083.0;
;
spiral;
spiral;
yes;
7.0;9.0;0.0;
7.0;10.5;183.0;
7.0;11.0;233.0;
7.5;12.5;367.0;
8.0;14.0;534.0;
7.5;12.5;950.0;
6.0;11.5;1250.0;
4.0;13.5;1851.0;
4.5;15.0;2018.0;
;
tab;
pigtail;
no;
4.0;8.0;0.0;
4.5;9.0;250.0;
5.5;9.5;299.0;
6.5;11.0;416.0;
9.0;10.5;833.0;
8.0;8.5;1017.0;
6.5;9.5;1371.0;
6.0;11.333333;1721.0;
5.75;13.0;1789.0;
5.5;14.5;2022.0;
6.0;16.0;2202.0;
8.0;16.5;2255.0;
;
spiral;
pigtail;
no;
8.5;8.0;0.0;
7.0;8.5;366.0;
7.0;8.5;416.0;
5.5;9.0;717.0;
5.5;11.0;950.0;
7.0;11.5;1300.0;
5.5;13.0;2200.0;
5.5;15.0;2433.0;
7.0;16.0;2799.0;
9.2;15.0;3149.0;
;
dart;
w;
no;
5.0;7.5;0.0;
6.0;8.5;232.0;
4.6666665;9.0;366.0;
5.25;10.5;482.0;
6.5;11.5;599.0;
8.0;10.5;1017.0;
9.5;9.0;1133.0;
7.5;9.0;1366.0;
6.5;11.0;1849.0;
5.5;12.5;2082.0;
4.0;11.5;2733.0;
5.25;13.5;3517.0;
6.0;15.0;3634.0;
;
x;
pigtail;
no;
3.0;11.5;0.0;
4.0;11.0;299.0;
4.5;11.0;367.0;
5.75;12.0;950.0;
7.5;13.0;1066.0;
8.0;15.0;1368.0;
;
bowl;
hat;
no;
3.0;13.0;0.0;
4.0;12.5;284.0;
4.5;12.5;417.0;
6.5;12.0;882.0;
7.25;10.5;1064.0;
8.0;8.0;1181.0;
;
leftAngle;
w;
no;
3.0;13.5;0.0;
4.5;13.5;301.0;
5.5;13.0;368.0;
6.5;11.5;768.0;
7.0;9.75;885.0;
8.0;8.0;1203.0;
;
dart;
bowl;
no;
7.5;8.5;0.0;
8.0;9.5;51.0;
7.5;10.5;235.0;
6.5;11.666667;602.0;
5.2;10.333333;1118.0;
5.0;8.5;1251.0;
5.5;10.0;1668.0;
6.2;12.0;1854.0;
8.0;13.0;1902.0;
;
bowl;
bowl;
yes;
8.0;9.5;0.0;
8.0;11.0;235.0;
8.5;12.0;419.0;
8.5;14.0;601.0;
7.0;13.5;954.0;
6.0;12.0;1306.0;
4.5;9.5;1556.0;
5.6;11.0;2204.0;
7.0;12.0;2271.0;
;
x;
spiral;
no;
7.5;8.5;0.0;
8.0;10.0;184.0;
7.5;11.0;236.0;
8.5;13.0;369.0;
9.0;15.0;486.0;
8.5;13.5;785.0;
7.0;12.5;901.0;
6.0;11.0;1067.0;
4.3333335;11.5;1434.0;
5.0;13.5;1551.0;
5.2;15.5;1668.0;
;
c;
z;
no;
4.0;8.0;0.0;
4.5;9.0;233.0;
5.0;10.0;299.0;
7.0;10.5;583.0;
8.0;9.0;949.0;
6.5;8.5;1185.0;
5.5;10.0;1602.0;
6.0;12.0;1835.0;
5.8;14.0;2086.0;
6.5;15.333333;2248.0;
8.0;14.0;2432.0;
;
rightAngle;
z;
no;
8.0;9.0;0.0;
7.5;7.5;116.0;
7.0;7.5;166.0;
5.5;8.5;539.0;
4.5;10.5;706.0;
7.0;10.5;1357.0;
5.0;11.0;1843.0;
4.5;13.0;2143.0;
4.0;14.5;2309.0;
6.0;14.5;2676.0;
6.3333335;13.0;2910.0;
8.142858;13.5;3027.0;
;
swipe;
w;
no;
6.0;6.0;0.0;
5.5;7.5;242.0;
5.5;7.5;292.0;
6.0;9.0;525.0;
7.5;9.5;712.0;
9.5;8.5;1193.0;
8.0;7.5;1544.0;
6.5;8.5;1776.0;
7.0;10.0;1961.0;
6.0;11.5;2311.0;
4.0;10.5;2912.0;
5.25;11.5;3328.0;
6.5;12.5;3445.0;
8.0;15.0;3628.0;
;
