UserID: 1
0000001000000000000011100000;10453
0000001000000000000011100000;10520
0000001000000000000011100000;10570
0000001100000000000011000000;10637
0000001100000000000011000000;10688
0000000110000000000011000000;10808
0000000010000000000011000000;10808
0000000011000000000011000000;10880
0000000011000000000010000000;10932
0000000111000000000010000000;10997
0000000111000000000110000000;11047
0000000111100000000110000000;11116
0000000111100000000110000000;11165
0000000111100000000111000000;11232
0000000011100000000111100000;11297
0000000011100000000101100000;11349
0000000011100000000101100000;11414
0000000001100000000100110000;11468
0000000011100000000100111000;11530
0000000011100000000000111000;11580
0000000001100000000000111000;11647
0000000001100000000000111000;11714
0000000001100000000000111001;11763
0000000001100000000000111101;11831
0000000001100000000000101101;11882
0000000001100000000000111101;11949
0000000001100000000000111000;11998
0000000001100000000000000001;12064
0000000001000000000000000001;12114
0000000000000000000000000000;12182
0000000000000000000000000000;12249
0000000000000000000000000000;12297
0000000000000000000000000000;12363
0000000000000000000000000000;12431
;
0000010000000000000000011000;15031
0000010000000000000000001000;15097
0000011000000000000000001000;15148
0000001100000000000000011000;15215
0000010100000000000000011000;15265
0000010110000000000000011000;15330
0000010111000000000000011000;15401
0000000111000000000000011000;15448
0000010011100000000000011000;15515
0000000111100000000000011000;15582
0000010111100000000000111000;15632
0000000111101000000000110000;15697
0000000011100000000001110000;15748
0000000001100000000001100000;15813
0000000001100000000011000000;15881
0000000001100000000111000000;15931
0000000001100000001101000000;15981
0000000001100000001100000000;16048
0000000001100000001000000000;16097
0000000001100000001000000000;16165
0000000001100000001000000000;16231
0000000001100000001000000000;16281
0000000000000000000000000000;16347
0000000000000000000000000000;16398
0000000000000000000000000000;16466
0000000000000000000000000000;16514
0000000000000000000000000000;16581
0000000000000000000000000000;16639
0000000000000000000000000000;16689
0000000000000000000000000000;16756
0000000000000000000000000000;16823
0000000000000000000000000000;16874
0000000000000000000000000000;16939
0000000000000000000000000000;17006
;
0000010000000000000000010000;24373
0000010000000000000000010000;24443
0000010000000000000000010000;24493
0000011000000000000000010000;24543
0000011000000000000000110000;24609
0000011100000000000000111000;24676
0000011100000000000000110000;24727
0000011110000000000000010000;24793
0000000011000000000000011000;24844
0000010011000000000000110000;24908
0000000011000000000000110000;24957
0000001111000000000000110000;25027
0000000111000000000000110000;25093
0000000111000000000001110000;25142
0000001111000000000001110000;25207
0000000011000000000011100000;25258
0000000011000000000111100000;25323
0000000011000000000110100000;25394
0000000011000000001110000000;25444
0000000011000000001110000000;25507
0000000111000000001110000000;25573
0000000111000000001110000000;25628
0000000111000000001110000000;25675
0000000111000000001110000000;25744
0000000111000000001110000000;25792
0000000011000000001100000000;25857
0000000001000000000100000000;25908
0000000000000000000000000000;25974
0000000000000000000000000000;26024
0000000000000000000000000000;26094
0000000000000000000000000000;26163
0000000000000000000000000000;26213
0000000000000000000000000000;26279
0000000000000000000000000000;26329
;
0000000000100000001000000000;30615
0000000001100000001100000000;30668
0000000001100000000100000000;30732
0000000001000000000110000000;30798
0000000001000000000110000000;30865
0000000001000000000110000000;30915
0000000001000000000011000000;30966
0000000001000000000011000000;31032
0000000011000000000011000000;31098
0000000011000000000011000000;31149
0000000011000000000011000000;31215
0000000011000000000011000000;31265
0000000011000000000011100000;31332
0000000011000000000001100000;31398
0000000010000000000001100000;31448
0000000010000000000000100000;31499
0000000010000000000000100000;31565
0000000110000000000000100000;31632
0000000111000000000000100000;31682
0000000111000000000001100000;31749
0000000110100000000001100000;31800
0000001110000000000001100000;31872
0000001110100000000001100000;31918
0000001110100000000001100000;31986
0000001110000000000011100000;32052
0000001110000000000011000000;32105
0000001100000000000110000000;32170
0000011100000000000110000000;32222
0000001100000000001110000000;32288
0000001100000000001110000000;32339
0000011100000000001100000000;32389
0000000100000000001100000000;32452
0000000100000000001100000000;32520
0000010110000000001100000000;32569
0000000110000000001110000000;32636
0000000110000000001110000000;32702
0000000111000000001100000000;32752
0000000111000000001110000000;32819
0000000011100000000110000000;32868
0000000011100000000011000000;32935
0000000001100000000011000000;33002
0000000001100000000001000000;33051
0000000000110000000001100000;33119
0000000000010000000001100000;33172
0000000000011000000000110000;33235
0000000001001000000000010001;33286
0000000001001000000000010000;33352
0000000001001000000000010000;33419
0000000000000000000000000000;33468
;
0000000110000000000010000000;38056
0000000110000000000011000000;38106
0000000110000000000011000000;38173
0000000110000000000011100000;38241
0000001110000000000011100000;38290
0000001110000000000011100000;38339
0000001110000000000001110000;38406
0000000111000000000010110000;38471
0000000111000000000010110000;38520
0000000110000000000000111000;38590
0000000110000000000000111000;38638
0000000110000000000000011000;38705
0000000110000000000000011000;38755
0000001110000000000000011000;38821
0000001110000000000000011000;38872
0000001110000000000000011000;38938
0000011110000000000000011000;39006
0000011110000000000000110000;39058
0000011110000000000000111000;39121
0000011110000000000000111000;39188
0000011010000000000001100000;39237
0000011000000000000001100000;39288
0000011000000000000001100000;39355
0000111000000000000011100000;39404
0000111000000000000110000000;39472
0000111000000000000100000000;39521
0000010000000000001100000000;39588
0000010000000000001100000000;39655
0000011000000000001100000000;39721
0000011000000000001100000000;39771
0000001000000000001100000000;39838
0000011000000000001100000000;39889
0000001100000000001100000000;39955
0000001100000000001100000000;40004
0000001100000000001100000000;40070
0000001100000000001110000000;40140
0000001110000000000110000000;40188
0000001110000000000111000000;40255
0000001110000000000111000000;40304
0000000110000000000011100000;40388
0000000110000000000011100000;40421
0000000110000000000011100000;40488
0000000110000000000001100000;40538
0000001110000000000001100000;40607
0000001110000000000001100000;40655
0000001110000000000001100000;40721
0000000110000000000001100000;40788
0000000100000000000000000000;40837
0000000000000000000000000000;40905
;
0000000010000000000110000000;62183
0000000110000000000110000000;62250
0000000010000000000111000000;62320
0000000110000000000011000000;62367
0000000110000000000011100000;62433
0000000110000000000011100000;62483
0000000110000000000010110000;62551
0000000011000000000010110000;62600
0000000011000000000000111000;62667
0000000011000000000000111000;62717
0000000011000000000000111000;62800
0000000011000000000000111000;62850
0000000011000000000000111000;62900
0000000011000000000000111000;62967
0000000011100000000000110000;63017
0000000111000000000000110000;63083
0000000111000000000001100000;63150
0000000110000000000011100000;63200
0000001110000000000011100000;63266
0000011000000000000110000000;63318
0000010000000000001100000000;63382
0000010000000000001100000000;63450
0000110000000000001000000000;63500
0000110000000000001100000000;63549
0000110000000000001100000000;63617
0000100000000000000100000000;63666
0000110000000000000110000000;63733
0000110000000000000010000000;63800
0000110000000000000001100000;63850
0000110000000000000000111000;63917
0000110000000000000000111100;63966
0000110000000000000000111100;64034
0000110000000000000000111100;64084
0001110000000000000000111100;64150
0001110000000000000000111100;64217
0000110000000000000000011000;64267
0000010000000000000000000000;64334
0000000000000000000000000000;64384
;
0000011000000000000110000000;67306
0000011000000000000110000000;67356
0000011000000000000110000000;67422
0000011000000000000110000000;67488
0000011000000000000011000000;67539
0000011000000000000011000000;67606
0000011000000000000011100000;67655
0000001100000000000011100000;67722
0000001100000000000011100000;67773
0000001100000000000011100000;67840
0000001100000000000011110000;67905
0000001100000000000001110000;67956
0000000110000000000000110000;68023
0000000110000000000000110000;68089
0000000001000000000000110000;68138
0000000101000000000000110000;68206
0000000011100000000000110000;68255
0000000001100000000001100000;68323
0000000001100000000001100000;68371
0000000001100000000011000000;68423
0000000001100000000111000000;68490
0000000001000000000110000000;68557
0000000011000000000100000000;68608
0000000011000000000100000000;68671
0000000111000000000110000000;68723
0000000111000000000110000000;68792
0000001111000000000110000000;68857
0000001111000000000110000000;68905
0000011101000000000111000000;68973
0000011101000000000111000000;69024
0000011101000000000111000000;69088
0000011101000000000001100000;69155
0000011101000000000001100000;69205
0000011100000000000001110000;69255
0000011100000000000001110000;69321
0000011100000000000000111000;69388
0000011100000000000000111000;69443
0000011110000000000000111000;69489
0000011110000000000000111000;69555
0000011110000000000000011000;69623
0000011110000000000000011100;69672
0000011111000000000000011100;69743
0000011111000000000000011100;69788
0000011111000000000000011100;69855
0000011111000000000000011100;69922
0000011111000000000000011100;69973
0000011111000000000000010000;70038
0000000000000000000000000000;70106
;
0000000010000000000010000000;72723
0000000011000000000110000000;72773
0000000111000000000110000000;72841
0000000111000000001110000000;72890
0000001111000000001100000000;72957
0000001111000000001100000000;73022
0000011111000000001100000000;73073
0000011111000000001100000000;73139
0000011111000000001100000000;73190
0000011111000000001110000000;73257
0000011101000000000110000000;73307
0000111000000000000111000000;73373
0000111000000000000011100000;73423
0000111000000000000001110000;73490
0000111000000000000000110000;73538
0000111000000000000000110000;73608
0000111000000000000000110000;73674
0000011100000000000000111000;73724
0000011110000000000000110000;73775
0000011111000000000000110000;73841
0000011111000000000000110000;73908
0000011111000000000000111000;73958
0000011111000000000000110000;74024
0000011111000000000000110000;74091
0000011111000000000000110000;74141
0000001111000000000001110000;74209
0000001111000000000001100000;74258
0000011111000000000001100000;74308
0000011111000000000001100000;74392
0000011101000000000001100000;74438
0000011111000000000000110000;74509
0000111010000000000000110000;74557
0000111010000000000000110000;74609
0000110010000000000000011000;74676
0000111000000000000000011000;74726
0000111000000000000000011100;74788
0000111000000000000000011100;74856
0000111000000000000000011100;74906
0000111000000000000000001110;74973
0000011000000000000000001110;75039
0000011100000000000000000110;75091
0000011110000000000000000111;75155
0000011111000000000000000111;75222
0000011111000000000000000110;75273
0000011111000000000000001110;75338
0000010111100000000000011110;75390
0000010111100000000000011100;75456
0000000111100000000000011110;75506
0000010111100000000000111100;75573
0000000111101000000000111100;75639
0000000111100000000000010000;75690
0000000001000000000000000001;75746
0000000001000000000000000000;75813
0000000000000000000000000000;75863
;
0000000100000000011000000000;89192
0000001100000000011000000000;89240
0000001100000000011000000000;89307
0000001100000000001000000000;89358
0000001100000000001100000000;89425
0000001100000000001100000000;89473
0000001100000000001100000000;89541
0000001100000000001100000000;89608
0000001110000000001110000000;89656
0000001110000000001110000000;89724
0000000110000000001111000000;89775
0000000110000000001011000000;89842
0000000110000000000011000000;89909
0000000111000000000011000000;89955
0000000111000000000001000000;90026
0000000111100000000001000000;90091
0000000011100000000001000000;90124
0000000110100000000011000000;90192
0000000010100000000010000000;90259
0000000000100000000010000000;90307
0000000000100000000100000000;90373
0000000001100000000100000000;90440
0000000000100000001000000000;90493
0000000000100000001000000000;90557
0000000000100000011000000000;90607
0000000001100000011000000000;90673
0000000001000000011000000000;90726
0000000001000000011000000000;90790
0000000011000000001000000000;90859
0000000011000000001100000000;90907
0000000011000000001100000000;90973
0000000010000000000100000000;91023
0000000110000000000110000000;91090
0000000100000000000010000000;91142
0000001100000000000011000000;91206
0000001100000000000001000000;91274
0000001100000000000001100000;91323
0000001100000000000001110000;91373
0000001100000000000001110000;91440
0000011100000000000001010000;91506
0000011000000000000001111000;91557
0000011100000000000001110000;91623
0000011000000000000001110000;91690
0000111100000000000001100000;91739
0000111100000000000011100000;91808
0000111100000000000011000000;91876
0000111000000000000011000000;91923
0000111000000000000111000000;91989
0000110000000000000110000000;92040
0000111000000000000110000000;92106
0000110000000000001100000000;92157
0000011000000000001100000000;92223
0000011000000000001100000000;92273
0000011100000000001110000000;92340
0000011100000000000110000000;92389
0000011100000000000111000000;92456
0000011100000000000111000000;92506
0000001110000000000111100000;92576
0000001110000000000111100000;92623
0000001110000000000011100000;92690
0000001110000000000001110000;92757
0000001110000000000001110000;92806
0000001111000000000001110000;92874
0000001111000000000001111000;92940
0000001111000000000001111000;92990
0000000111000000000001111000;93043
0000001111000000000001111000;93106
0000000111000000000000010000;93173
0000000000000000000000000000;93240
;
0000010000000000000001100000;96442
0000011000000000000001100000;96490
0000011000000000000001100000;96558
0000011100000000000001100000;96607
0000011100000000000001100000;96674
0000011110000000000001100000;96741
0000001110000000000011100000;96790
0000001111000000000001100000;96860
0000001111000000000001100000;96924
0000011111100000000011100000;96974
0000011111100000000011100000;97041
0000001111100000000001100000;97090
0000001111000000000001110000;97144
0000000011000000000001110000;97208
0000000011100000000000011000;97275
0000000011000000000000111000;97341
0000000011100000000000111100;97391
0000000011000000000000111101;97457
0000000011000000000000000111;97508
0000000011000000000000000111;97574
0000000011000000000000000011;97624
0000000011000000000000000011;97691
0000000011100000000000000011;97742
0000000011000000000000000011;97808
0000000001000000000000000001;97875
0000000001000000000000000001;97924
0000000001000000000000000001;97991
0000000001000000000000000001;98042
0000000001000000000000000001;98108
0000000001000000000000000001;98158
0000000001000000000000000001;98225
0000000001000000000000000001;98275
0000000001000000000000000001;98341
0000000001000000000000000001;98392
0000000001000000000000000001;98459
0000000001000000000000000001;98509
0000000001000000000000000001;98576
0000000001000000000000000001;98643
0000000001000000000000000001;98693
0000000001000000000000000001;98760
0000000001000000000000000001;98827
0000000001000000000000000001;98876
0000000001000000000000000001;98927
0000000001000000000000000001;98993
0000000001000000000000000001;99062
0000000001000000000000000001;99126
0000000001000000000000000001;99176
0000000001000000000000000001;99243
0000000001000000000000000001;99293
0000000001000000000000000001;99360
0000000001000000000000000001;99410
0000000001000000000000000001;99477
0000000001000000000000000001;99527
0000000001000000000000000001;99592
0000000001000000000000000001;99646
0000000001000000000000000001;99714
0000000001000000000000000001;99779
0000000001000000000000000001;99830
0000000001000000000000000001;99896
0000000001000000000000000001;99963
0000000001000000000000000001;100013
0000000001000000000000000001;100063
0000000001000000000000000001;100129
0000000001000000000000000001;100179
0000000001000000000000000001;100247
0000000001000000000000000001;100296
0000000001000000000000000001;100363
0000000001000000000000000001;100430
0000000001000000000000000001;100480
0000000001000000000000000001;100546
0000000001000000000000000001;100598
0000000001000000000000000001;100663
0000000001000000000000000001;100730
0000000001000000000000000001;100780
0000000001000000000000000001;100847
0000000001000000000000000001;100896
0000000001000000000000000001;100963
0000000001000000000000000001;101030
0000000001000000000000000001;101080
0000000001000000000000000001;101147
0000000001000000000000000001;101197
0000000001000000000000000001;101263
0000000001000000000000000001;101314
0000000001000000000000000001;101381
0000000001000000000000000001;101430
0000000001000000000000000001;101497
0000000001000000000000000001;101546
0000000001000000000000000001;101614
0000000001000000000000000001;101680
0000000001000000000000000001;101729
0000000001000000000000000001;101797
0000000001000000000000000001;101847
0000000001000000000000000001;101914
0000000001000000000000000001;101965
0000000001000000000000000001;102031
0000000001000000000000000001;102098
0000000001000000000000000001;102148
0000000001000000000000000001;102198
0000000001000000000000000001;102264
0000000001000000000000000001;102314
0000000001000000000000000001;102380
0000000001000000000000000001;102464
0000000001000000000000000001;102498
0000000001000000000000000001;102564
0000000001000000000000000001;102630
0000000001000000000000000001;102682
0000000001000000000000000001;102748
0000000001000000000000000001;102797
0000000001000000000000000001;102864
0000000001000000000000000001;102931
0000000001000000000000000001;102982
0000000001000000000000000001;103031
0000000001000000000000000001;103098
0000000001000000000000000001;103164
0000000001000000000000000001;103215
0000000001000000000000000001;103265
0000000001000000000000000001;103334
0000000001000000000000000001;103400
0000000001000000000000000001;103450
0000000001000000000000000001;103517
0000000001000000000000000001;103584
0000000001000000000000000001;103634
0000000001000000000000000001;103701
0000000001000000000000000001;103751
0000000001000000000000000001;103817
0000000001000000000000000001;103867
0000000001000000000000000001;103934
0000000001000000000000000001;103986
0000000001000000000000000001;104051
0000000001000000000000000001;104102
0000000001000000000000000001;104167
0000000001000000000000000001;104217
0000000001000000000000000001;104283
0000000001000000000000000001;104350
0000000001000000000000000001;104400
0000000001000000000000000001;104474
0000000001000000000000000001;104525
0000000001000000000000000001;104575
0000000001000000000000000001;104642
0000000001000000000000000001;104692
0000000001000000000000000001;104759
0000000001000000000000000001;104826
0000000001000000000000000001;104875
0000000001000000000000000001;104942
0000000001000000000000000001;105009
0000000001000000000000000001;105059
0000000001000000000000000001;105126
0000000001000000000000000001;105175
0000000001000000000000000001;105243
0000000001000000000000000001;105306
0000000001000000000000000001;105356
0000000001000000000000000001;105410
0000000001000000000000000001;105493
0000000001000000000000000001;105540
0000000001000000000000000001;105606
0000000001000000000000000001;105657
0000000001000000000000000001;105707
0000000001000000000000000001;105773
0000000001000000000000000001;105843
0000000001000000000000000000;105889
0000000000000000000000000000;105940
;
0000010000000000000000001000;111661
0000010000000000000000011000;111711
0000011000000000000000011000;111779
0000011000000000000000001000;111829
0000011100000000000000011000;111895
0000011110000000000000001000;111961
0000011110000000000000011000;112011
0000011110000000000000011000;112078
0000010011000000000000001000;112146
0000000011000000000000011000;112194
0000000011000000000000011000;112246
0000010011000000000000111000;112313
0000000111000000000000110000;112379
0000000011000000000001110000;112445
0000000011000000000011100000;112497
0000000011000000000111100000;112562
0000000011000000001111100000;112613
0000000011000000001111000000;112663
0000000111000000001110000000;112729
0000000111000000001110000000;112780
0000000111000000001100000000;112844
0000000011000000001100000000;112911
0000000000000000000000000000;112963
0000000000000000000000000000;113028
0000000000000000000000000000;113096
0000000000000000000000000000;113144
0000000000000000000000000000;113211
0000000000000000000000000000;113264
0000000000000000000000000000;113329
0000000000000000000000000000;113398
0000000000000000000000000000;113445
0000000000000000000000000000;113511
0000000000000000000000000000;113565
0000000000000000000000000000;113632
;
0000000001000000000110000000;116062
0000000001000000000110000000;116112
0000000001000000000110000000;116178
0000000001000000000111000000;116246
0000000011000000000011000000;116295
0000000011000000000011000000;116363
0000000011000000000011100000;116414
0000000011000000000011100000;116478
0000000011000000000001100000;116563
0000000111000000000000110000;116595
0000000110000000000000110000;116662
0000000110000000000000110000;116712
0000001010000000000000110000;116779
0000001110000000000000110000;116829
0000011010000000000000110000;116896
0000011010000000000000100000;116947
0000011110000000000000110000;117012
0000011010000000000001100000;117079
0000110000000000000011000000;117129
0001101000000000000110100000;117196
0001101000000000001100000000;117249
0001100000000000001100000000;117313
0000100000000000001100000000;117362
0001110000000000001100000000;117430
0001010000000000001000000000;117497
0000011000000000001100000000;117548
0000011000000000001100000000;117613
0000011100000000001100000000;117664
0000011100000000001100000000;117730
0000011100000000001100000000;117780
0000011110000000001110000000;117847
0000001110000000001110000000;117898
0000001111000000001110000000;117964
0000001111000000001111000000;118014
0000001111000000001111000000;118080
0000000111100000001111000000;118144
0000001111100000001111100000;118198
0000000111100000001001110000;118264
0000000111110000000001110000;118331
0000000011111000000001110000;118381
0000000001111000000001111001;118445
0000000001101000000000011001;118495
0000000001001000000000011001;118562
0000000001001000000000000001;118632
0000000001000000000000000001;118681
0000000001000000000000000001;118728
0000000001000000000000000001;118795
0000000001000000000000000001;118862
0000000001000000000000000001;118911
0000000001000000000000000001;118978
0000000001000000000000000001;119032
0000000001000000000000000001;119095
0000000001000000000000000001;119146
0000000001000000000000000001;119212
0000000001000000000000000001;119262
0000000001000000000000000001;119329
0000000001000000000000000001;119394
0000000001000000000000000001;119445
0000000001000000000000000001;119511
0000000001000000000000000001;119579
0000000001000000000000000001;119628
0000000001000000000000000001;119695
0000000001000000000000000001;119749
0000000001000000000000000001;119800
0000000001000000000000000001;119866
0000000001000000000000000001;119916
0000000001000000000000000001;119985
0000000001000000000000000001;120050
0000000001000000000000000001;120100
0000000001000000000000000001;120167
0000000001000000000000000001;120234
0000000001000000000000000001;120284
0000000001000000000000000001;120351
0000000001000000000000000001;120401
0000000001000000000000000001;120467
0000000001000000000000000001;120518
0000000001000000000000000001;120583
0000000001000000000000000001;120632
0000000001000000000000000001;120701
0000000001000000000000000001;120752
0000000001000000000000000001;120819
0000000001000000000000000001;120883
0000000001000000000000000001;120935
0000000001000000000000000001;121002
0000000001000000000000000001;121052
0000000001000000000000000001;121119
0000000001000000000000000001;121165
0000000001000000000000000001;121236
0000000001000000000000000001;121302
0000000001000000000000000001;121353
0000000001000000000000000001;121416
0000000001000000000000000001;121485
0000000001000000000000000001;121532
0000000001000000000000000001;121600
0000000001000000000000000001;121665
0000000001000000000000000001;121716
0000000001000000000000000001;121765
0000000001000000000000000001;121816
0000000001000000000000000001;121883
0000000001000000000000000001;121950
0000000001000000000000000001;121999
0000000001000000000000000001;122066
0000000001000000000000000001;122133
0000000001000000000000000001;122183
0000000001000000000000000001;122250
0000000001000000000000000001;122316
0000000001000000000000000001;122366
0000000001000000000000000001;122433
0000000001000000000000000001;122483
0000000001000000000000000001;122533
0000000001000000000000000001;122599
0000000001000000000000000001;122666
0000000001000000000000000001;122716
0000000001000000000000000001;122783
0000000001000000000000000001;122850
0000000001000000000000000001;122900
0000000001000000000000000001;122949
0000000001000000000000000001;123017
0000000001000000000000000001;123067
0000000001000000000000000001;123133
0000000001000000000000000001;123200
0000000001000000000000000001;123250
0000000001000000000000000001;123316
0000000001000000000000000001;123383
0000000001000000000000000001;123433
0000000001000000000000000001;123499
0000000001000000000000000001;123549
0000000001000000000000000001;123617
0000000001000000000000000001;123666
0000000001000000000000000001;123718
0000000001000000000000000001;123782
0000000001000000000000000001;123849
0000000001000000000000000001;123899
0000000001000000000000000001;123968
0000000001000000000000000001;124034
0000000001000000000000000001;124082
0000000001000000000000000000;124149
0000000000000000000000000000;124199
;
0000000101001000000000000001;124918
0000000101001000000000000001;124987
0000000001000000000000000001;125035
0000000001000000000000000001;125102
0000000001000000000000000001;125151
0000000001000000000000000001;125221
0000000001000000000000000001;125285
0000000001000000000000000001;125337
0000000001000000000000000001;125402
0000000001000000000000000001;125452
0000000001000000000000000001;125519
0000000001000000000000000001;125569
0000000001000000000000000001;125635
0000000001000000000000000001;125686
0000000001000000000000000001;125752
0000000001000000000000000001;125802
0000000001000000000000000001;125869
0000000001000000000000000001;125935
0000000001000000000000000001;125986
0000000001000000000000000001;126052
0000000001000000000000000001;126102
0000000001000000000000000001;126169
0000000001000000000000000001;126236
0000000001000000000000000001;126285
0000000001000000000000000001;126353
0000000001000000000000000001;126419
0000000001000000000000000001;126470
0000000001000000000000000001;126520
0000000001000000000000000001;126586
0000000001000000000000000001;126636
0000000001000000000000000001;126702
0000000001000000000000000001;126753
0000000001000000000000000001;126820
0000000001000000000000000001;126868
0000000001000000000000000001;126936
0000000001000000000000000001;127004
0000000001000000000000000001;127052
0000000001000000000000000001;127118
0000000001000000000000000001;127186
0000000001000000000000000001;127237
0000000001000000000000000001;127305
0000000001000000000000000001;127371
0000000001000000000000000001;127419
0000000001000000000000000001;127485
0000000001000000000000000001;127538
0000000001000000000000000001;127604
0000000001000000000000000001;127652
0000000001000000000000000001;127705
0000000001000000000000000001;127771
0000000001000000000000000001;127835
0000000001000000000000000001;127905
0000000001000000000000000001;127952
0000000001000000000000000001;128005
0000000001000000000000000001;128071
0000000001000000000000000001;128138
0000000001000000000000000001;128186
0000000001000000000000000001;128253
0000000001000000000000000001;128318
0000000001000000000000000001;128369
0000000001000000000000000001;128436
0000000001000000000000000001;128486
0000000001000000000000000001;128552
0000000001000000000000000001;128602
0000000001000000000000000001;128671
0000000001000000000000000001;128736
0000000001000000000000000001;128785
0000000001000000000000000001;128835
0000000001000000000000000001;128903
0000000001000000000000000001;128952
0000000001000000000000000001;129019
0000000001000000000000000001;129085
0000000001000000000000000001;129136
0000000001000000000000000001;129205
0000000001000000000000000001;129268
0000000001000000000000000001;129319
0000000001000000000000000001;129386
0000000001000000000000000001;129435
0000000001000000000000000001;129502
0000000001000000000000000001;129572
0000000001000000000000000001;129619
0000000001000000000000000001;129671
0000000001000000000000000001;129735
0000000001000000000000000001;129803
0000000001000000000000000001;129853
0000000001000000000000000001;129919
0000000001000000000000000001;129986
0000000001000000000000000001;130035
0000000001000000000000000001;130086
0000000001000000000000000001;130152
0000000001000000000000000001;130222
0000000001000000000000000001;130272
0000000001000000000000000001;130336
0000000001000000000000000001;130403
0000000001000000000000000001;130452
0000000001000000000000000001;130518
0000000001000000000000000001;130569
0000000001000000000000000001;130635
0000000001000000000000000001;130686
0000000001000000000000000001;130752
0000000001000000000000000001;130819
0000000001000000000000000001;130872
0000000001000000000000000001;130921
0000000001000000000000000001;130987
0000000001000000000000000001;131052
0000000001000000000000000001;131102
0000000001000000000000000001;131169
0000000001000000000000000001;131222
0000000001000000000000000001;131287
0000000001000000000000000001;131336
0000000001000000000000000001;131403
0000000001000000000000000001;131469
0000000001000000000000000001;131522
0000000001000000000000000001;131586
0000000001000000000000000001;131636
0000000001000000000000000001;131703
0000000001000000000000000001;131770
0000000001000000000000000001;131820
0000000001000000000000000001;131870
0000000001000000000000000001;131937
0000000001000000000000000001;132004
0000000001000000000000000001;132054
0000000001000000000000000001;132121
0000000001000000000000000001;132170
0000000001000000000000000001;132238
0000000001000000000000000001;132304
0000000001000000000000000001;132354
0000000001000000000000000001;132421
0000000001000000000000000001;132470
0000000001000000000000000001;132538
0000000001000000000000000001;132588
0000000001000000000000000001;132654
0000000001000000000000000001;132719
0000000001000000000000000001;132768
0000000001000000000000000001;132838
0000000001000000000000000001;132889
0000000001000000000000000001;132952
0000000001000000000000000001;133005
0000000001000000000000000001;133072
0000000001000000000000000001;133120
0000000001000000000000000001;133202
0000000001000000000000000001;133236
0000000001000000000000000001;133306
0000000001000000000000000001;133373
0000000001000000000000000001;133420
0000000001000000000000000001;133485
0000000001000000000000000001;133555
0000000001000000000000000001;133602
0000000001000000000000000001;133670
0000000001000000000000000001;133719
0000000001000000000000000001;133786
0000000001000000000000000001;133853
0000000001000000000000000001;133903
0000000001000000000000000001;133952
0000000001000000000000000001;134020
0000000001000000000000000001;134069
0000000001000000000000000001;134137
0000000001000000000000000001;134204
0000000001000000000000000001;134253
0000000001000000000000000001;134319
0000000001000000000000000001;134371
0000000001000000000000000001;134435
0000000001000000000000000001;134485
0000000001000000000000000001;134554
0000000001000000000000000001;134619
0000000001000000000000000001;134670
0000000001000000000000000001;134736
0000000001000000000000000001;134803
0000000001000000000000000001;134853
0000000001000000000000000001;134919
0000000001000000000000000001;134970
0000000001000000000000000001;135020
0000000001000000000000000001;135103
0000000001000000000000000001;135152
0000000001000000000000000001;135203
0000000001000000000000000001;135270
0000000001000000000000000001;135320
0000000001000000000000000001;135386
0000000001000000000000000001;135452
0000000001000000000000000001;135504
0000000001000000000000000001;135569
0000000001000000000000000001;135620
0000000001000000000000000001;135686
0000000001000000000000000001;135753
0000000001000000000000000001;135803
0000000001000000000000000001;135853
0000000001000000000000000001;135921
0000000001000000000000000001;135970
0000000001000000000000000001;136039
0000000001000000000000000001;136104
0000000001000000000000000001;136154
0000000001000000000000000001;136220
0000000001000000000000000001;136270
0000000001000000000000000001;136337
0000000001000000000000000001;136403
0000000001000000000000000001;136454
0000000001000000000000000001;136520
0000000001000000000000000001;136570
0000000001000000000000000001;136637
0000000001000000000000000001;136703
0000000001000000000000000001;136754
0000000001000000000000000001;136820
0000000001000000000000000001;136871
0000000001000000000000000001;136937
0000000001000000000000000001;136987
0000000001000000000000000001;137038
0000000001000000000000000001;137104
0000000001000000000000000001;137170
0000000001000000000000000001;137221
0000000001000000000000000001;137288
0000000001000000000000000001;137355
0000000001000000000000000000;137404
0000000000000000000000000000;137471
;
0000000010000000000110000000;151444
0000000010000000000110000000;151493
0000000010000000000110000000;151561
0000000010000000000110000000;151612
0000000010000000000011000000;151677
0000000011000000000011000000;151744
0000000011000000000011100000;151795
0000000111000000000011100000;151861
0000000111000000000001100000;151912
0000000111000000000001110000;151976
0000000011000000000001110000;152045
0000000011000000000000110000;152092
0000000011000000000000111000;152159
0000000011000000000000111000;152212
0000000011100000000000011000;152261
0000000011000000000000011000;152328
0000000110000000000000011001;152413
0000000111000000000000011100;152460
0000000111000000000000011100;152511
0000001111000000000000011000;152562
0000001111000000000000011000;152626
0000001111000000000000011000;152694
0000011111000000000000111000;152743
0000011111000000000000111001;152812
0000011111000000000000110000;152879
0000001111000000000000111000;152926
0000001110000000000000111000;152992
0000011011000000000001100001;153043
0000011000000000000001100001;153110
0000011001000000000010100001;153160
0000011001000000000010000000;153226
0000111000000000000110100000;153276
0000010000000000000100000001;153343
0000011001000000001100000000;153410
0000011000000000001100000000;153460
0000011000000000001100000000;153510
0000011100000000001100000000;153576
0000011100000000001100000000;153644
0000011100000000001100000000;153693
0000011100000000001100000000;153760
0000011110000000001110000000;153826
0000001110000000001110000000;153876
0000011110000000000111000000;153943
0000001110000000000111000000;153993
0000001110000000000011100000;154059
0000000110000000000011100000;154109
0000001110000000000001110000;154177
0000001111000000000011110000;154228
0000000111000000000011110000;154311
0000001111000000000001110000;154360
0000000111000000000001110000;154411
0000000110000000000001100000;154477
0000000100000000000000000000;154527
0000000000000000000000000000;154593
;
0000000001000000000110000000;167795
0000000011000000000110000000;167846
0000000011000000000111000000;167914
0000000011000000000011100000;167964
0000000011000000000001100000;168030
0000000011000000000000110000;168097
0000000011100000000000110000;168147
0000000011100000000001111000;168211
0000000011100000000000111000;168281
0000000001100000000001011000;168331
0000000001100000000000111000;168397
0000000001100000000000011000;168446
0000000001100000000000011000;168514
0000000011100000000000111000;168564
0000000011100000000000111000;168627
0000000111100000000000010000;168681
0000000111100000000000110000;168744
0000001111000000000001110000;168798
0000001111000000000011110000;168861
0000001100000000000011010000;168912
0000011000000000000110000000;168998
0000011000000000001110000000;169047
0000011000000000001110000000;169095
0000011000000000001110000000;169161
0000011000000000000110000000;169231
0000011000000000000110000000;169281
0000011000000000000011000000;169348
0000011000000000000011000000;169396
0000010000000000000001100000;169461
0000110000000000000000110001;169515
0000110001000000000000011101;169581
0000010001000000000000001111;169631
0000110001000000000000001111;169695
0000110000000000000000001111;169762
0000110001000000000000001111;169812
0000110000000000000000001110;169880
0000110001000000000000000100;169931
0000000000000000000000000000;169998
;
0000000001000000000100000000;213513
0000000001000000001100000000;213581
0000000011000000001100000000;213631
0000000110000000001100000000;213697
0000000100000000001100000000;213764
0000001100000000001100000000;213829
0000001100000000001100000000;213880
0000011100000000001100000000;213931
0000011100000000000110000000;213996
0000010000000000000110000000;214064
0000011000000000000001000000;214113
0000001000000000000001100000;214179
0000001100000000000001100000;214229
0000001100000000000000110000;214296
0000001110000000000000110000;214347
0000000010000000000000110000;214414
0000000011000000000000110000;214466
0000000111000000000000110000;214532
0000000111000000000000110000;214581
0000001111000000000000110000;214646
0000000011000000000000110000;214715
0000000111000000000000100000;214763
0000000011000000000001100000;214830
0000000110000000000001100000;214883
0000001110000000000001100000;214949
0000011010000000000001100000;214999
0000011000000000000001100000;215065
0000111000000000000000110000;215116
0000111000000000000000110000;215183
0000101000000000000000111000;215233
0000110000000000000000001000;215299
0000100000000000000000000100;215365
0000110000000000000000000100;215413
0000110000000000000000000111;215481
0000110000000000000000000111;215532
0000011000000000000000000011;215599
0000011100000000000000000011;215666
0000011101000000000000000011;215714
0000011111000000000000000011;215781
0000011111000000000000000111;215846
0000001111000000000000000111;215897
0000001111000000000000000111;215967
0000001011000000000000000111;216013
0000000011000000000000000110;216081
0000000010000000000000000000;216130
0000000000000000000000000000;216197
;
0000011100000000001100000000;219883
0000011100000000001100000000;219949
0000001100000000001110000000;219999
0000001100000000000110000000;220066
0000001100000000000110000000;220116
0000001100000000000111000000;220183
0000001100000000000111000000;220249
0000001100000000000111000000;220299
0000001110000000000111000000;220366
0000001110000000000101100000;220416
0000001110000000000101100000;220480
0000001111000000000101100000;220533
0000001111000000000001100000;220597
0000001111100000000011000000;220650
0000001111100000000011000000;220717
0000001101100000000111000000;220764
0000001001100000000111000000;220833
0000001011100000000111000000;220883
0000000011100000001111000000;220948
0000000011000000001110000000;221017
0000000011000000000110000000;221067
0000000111000000000110000000;221132
0000000111000000000111000000;221183
0000000111000000000111000000;221247
0000000111000000000111000000;221317
0000000111000000000111100000;221382
0000001111000000000111100000;221432
0000000110000000000001110000;221483
0000000110000000000000110000;221547
0000011110000000000000111000;221597
0000001110000000000000111000;221664
0000001110000000000000111000;221713
0000011010000000000000111000;221783
0000011010000000000000111000;221848
0000011010000000000000110000;221898
0000111010000000000000111000;221967
0000111010000000000000111000;222032
0000111010000000000000110000;222082
0000111000000000000001111000;222147
0000111000000000000001110000;222197
0000111100000000000011100000;222264
0000111000000000000011100000;222314
0000011100000000000011100000;222382
0000011100000000000011100000;222432
0000011100000000000011100000;222497
0000001100000000000001100000;222564
0000001110000000000001110000;222613
0000001110000000000001110000;222664
0000011110000000000001110000;222733
0000001110000000000000011000;222797
0000000111000000000000111000;222846
0000000111000000000000111000;222914
0000000111000000000000011000;222982
0000000000000000000000000000;223033
;
0001100000000000000001100000;227268
0001100000000000000000100000;227316
0001110000000000000001100000;227369
0001110000000000000001100000;227432
0001110000000000000001100000;227499
0001111000000000000001100000;227552
0001111000000000000001100000;227599
0001111000000000000001100000;227666
0001001100000000000001100000;227732
0000011110000000000001100000;227783
0000001110000000000001100000;227852
0000001111000000000001100000;227915
0000001111000000000001100000;227965
0000001111000000000001110000;228032
0000011111000000000001110000;228083
0000011111000000000000110000;228148
0000000111000000000000111000;228216
0000000111000000000000011000;228265
0000000110000000000000011100;228316
0000000110000000000000010110;228382
0000000111000000000000000011;228449
0000000111000000000000000011;228502
0000000111000000000000000001;228565
0000000111000000000000000001;228633
0000001111000000000000000001;228683
0000001111000000000000000001;228752
0000000111000000000000000001;228802
0000000000000000000000000000;228850
0000000000000000000000000000;228917
0000000000000000000000000000;228982
0000000000000000000000000000;229033
0000000000000000000000000000;229102
0000000000000000000000000000;229166
0000000000000000000000000000;229216
;
0000010000000000000000001100;232186
0000011000000000000000001100;232252
0000011100000000000000001000;232319
0000011110000000000000001100;232369
0000001010000000000000001100;232433
0000011010000000000000001100;232483
0000011011000000000000001100;232553
0000011011000000000000001100;232600
0000011111000000000000011000;232666
0000011111000000000000011000;232734
0000010011000000000000111000;232783
0000000011000000000001110000;232854
0000010011000000000001101000;232902
0000000111000000000011001000;232967
0000000110000000000111000000;233033
0000000110000000000110000000;233083
0000000111000000001110000000;233152
0000000110000000001110000000;233202
0000000110000000001110000000;233253
0000000110000000001110000000;233317
0000000110000000001000000000;233384
0000000000000000000000000000;233434
0000000000000000000000000000;233502
0000000000000000000000000000;233566
0000000000000000000000000000;233616
0000000000000000000000000000;233683
0000000000000000000000000000;233733
0000000000000000000000000000;233803
0000000000000000000000000000;233853
0000000000000000000000000000;233917
0000000000000000000000000000;233967
0000000000000000000000000000;234034
0000000000000000000000000000;234083
0000000000000000000000000000;234152
;
0000000001000000000110000000;236534
0000000001000000000011000000;236602
0000000011000000000001100000;236653
0000000011000000000001100000;236702
0000000011000000000000110000;236767
0000000010000000000000010000;236818
0000000111000000000000010000;236883
0000000110000000000000011000;236953
0000000110000000000000011000;237002
0000001110000000000000011000;237068
0000001010000000000000011000;237118
0000011010000000000000011000;237186
0000011010000000000000011000;237251
0000011010000000000000010000;237306
0000110000000000000000100000;237368
0000110000000000000001100000;237418
0000111000000000000001100000;237485
0000111000000000000001100000;237536
0000111000000000000011100000;237602
0000010000000000000011000000;237667
0000011000000000000011000000;237716
0000011000000000000011000000;237787
0000001000000000000011000000;237833
0000011100000000000011000000;237902
0000001100000000000011000000;237952
0000001100000000000011000000;238017
0000001110000000000011000000;238066
0000001110000000000011100000;238152
0000000110000000000011100000;238202
0000001110000000000011110000;238252
0000001111000000000001110000;238318
0000001111000000000001110000;238367
0000000111100000000000110000;238434
0000000011100000000000011000;238502
0000000011100000000000011000;238553
0000000001110000000000011100;238602
0000000011110000000000011100;238666
0000000001100000000000001100;238733
0000000001100000000000001000;238784
0000000000000000000000000000;238863
;
0000000010000000000110000000;244317
0000000011000000000110000000;244367
0000000011000000000011000000;244434
0000000011000000000001100000;244503
0000000001000000000001100000;244568
0000000011000000000001110000;244617
0000000011100000000000110000;244684
0000000011000000000000110000;244734
0000000011000000000000110000;244785
0000000011000000000000110000;244852
0000000011000000000000011000;244918
0000000111000000000000011000;244983
0000000111000000000000011000;245034
0000000111000000000000011000;245102
0000001111000000000000110000;245153
0000001111000000000000110000;245218
0000011110000000000000110000;245268
0000011110000000000000110000;245334
0000011110000000000000110000;245385
0000011110000000000000111000;245452
0000011010000000000000110000;245502
0000111010000000000001100000;245567
0000111000000000000001100000;245634
0000111000000000000011000000;245684
0000110000000000000011000000;245752
0000110000000000000110000000;245803
0000100000000000000110000000;245868
0000110000000000000100000000;245934
0000110000000000001100000000;245984
0000110000000000001100000000;246034
0000010000000000001100000000;246103
0000011000000000001100000000;246152
0000001000000000001100000000;246217
0000001100000000001100000000;246284
0000001100000000001100000000;246334
0000001100000000001100000000;246403
0000001100000000001100000000;246467
0000001100000000001110000000;246518
0000001110000000000111000000;246584
0000001110000000000111000000;246634
0000001110000000001111000000;246702
0000000110000000001111100000;246752
0000000110000000000001110000;246818
0000000110000000000001110000;246887
0000000110000000000001110000;246935
0000001110000000000001110000;247003
0000000110000000000001110000;247053
0000000110000000000000100000;247118
0000000000000000000000000000;247168
;
0000000110000000000110000000;249367
0000000110000000000110000000;249434
0000000110000000000110000000;249484
0000000110000000000110000000;249552
0000000110000000000111000000;249618
0000000110000000000011100000;249684
0000000110000000000000110000;249735
0000000110000000000000110000;249784
0000000110000000000000111000;249852
0000000110000000000000111000;249917
0000000110000000000000111000;249969
0000000110000000000000111000;250034
0000000110000000000000011000;250084
0000000110000000000000111000;250152
0000000110000000000000011100;250202
0000000110000000000000011100;250268
0000000110000000000000001100;250318
0000010110000000000000011100;250384
0000010110000000000000011100;250452
0000001111000000000000110000;250503
0000001110000000000000110000;250552
0000001110000000000011100000;250617
0000011110000000000011010000;250684
0000011100000000000011100000;250735
0000011110000000000111000000;250804
0000011110000000000111010000;250868
0000011100000000000110000000;250918
0000011100000000000110000000;250984
0000011100000000000110000000;251052
0000011100000000000110000000;251102
0000011000000000000010000000;251152
0000011100000000000011000000;251218
0000011100000000000011000000;251267
0000111100000000000011100000;251334
0000111100000000000011100000;251385
0000111100000000000001110000;251452
0000111000000000000010111000;251517
0000111100000000000000011000;251568
0000111000000000000000011000;251634
0000111000000000000000011000;251685
0000111000000000000000011000;251753
0000111000000000000000011000;251818
0000111000000000000000011000;251868
0000000000000000000000000000;251935
;
0000110000000000001100000000;255019
0000110000000000000110000000;255084
0000010000000000000110000000;255153
0000010000000000000011000000;255207
0000011000000000000011000000;255274
0000011000000000000011100000;255323
0000011100000000000001100000;255387
0000011100000000000001100000;255438
0000001110000000000001100000;255504
0000011110000000000001100000;255554
0000011110000000000001100000;255621
0000001110000000000001100000;255671
0000011111000000000001100000;255739
0000011111000000000011100000;255804
0000001111000000000010100000;255854
0000001011000000000110100000;255920
0000000111000000000110000000;255988
0000000111000000000110000000;256037
0000000111000000000110000000;256087
0000000110000000000110000000;256154
0000000111000000000110000000;256220
0000001110000000001110000000;256270
0000001111000000000110000000;256322
0000001111000000000110000000;256387
0000001111000000000110000000;256455
0000001111000000000110000000;256521
0000011111000000000110000000;256571
0000011101000000000110000000;256622
0000011101000000000111000000;256688
0000011101000000000111000000;256758
0000011101000000000011000000;256807
0000011100000000000011100000;256871
0000011100000000000011100000;256921
0000111100000000000011100000;256988
0000111100000000000001110000;257058
0000111100000000000001111000;257104
0000110000000000000000011000;257159
0000011000000000000000001100;257221
0000011000000000000000001100;257287
0000011000000000000000001100;257358
0000011100000000000000000111;257405
0000001100000000000000000011;257457
0000001111000000000000000011;257522
0000001111000000000000000111;257572
0000000111000000000000000111;257638
0000000000000000000000000000;257705
;
0000000110000000001100000000;261025
0000000110000000001000000000;261091
0000000110000000011000000000;261154
0000000100000000011000000000;261207
0000000100000000011000000000;261274
0000001100000000011000000000;261326
0000001100000000011000000000;261391
0000011100000000011000000000;261438
0000010100000000011000000000;261492
0000010100000000011000000000;261554
0000000100000000001000000000;261624
0000110100000000011000000000;261689
0000100100000000001100000000;261738
0000110000000000000100000000;261805
0000110000000000000110000000;261856
0000110000000000000010000000;261921
0000110000000000000011000000;261971
0000010000000000000011000000;262039
0000011000000000000011000000;262104
0000011000000000000011000000;262155
0000011000000000000011000000;262222
0000011100000000000011000000;262272
0000001100000000000011000000;262338
0000001110000000000011000000;262388
0000001110000000000011000000;262472
0000001110000000000011000000;262504
0000001110000000000011100000;262572
0000001110000000000011100000;262622
0000001110000000000011000000;262688
0000001110000000000011000000;262755
0000001100000000000011000000;262805
0000001100000000000011000000;262871
0000011010000000000011000000;262939
0000011000000000000011000000;262989
0000011000000000000010000000;263057
0000111000000000000001000000;263105
0000111000000000000001100000;263172
0000111000000000000001100000;263239
0000111000000000000001100000;263288
0000111000000000000001110000;263358
0000111000000000000001110000;263405
0000111000000000000001110000;263456
0000110000000000000000011000;263523
0000111000000000000000011000;263591
0000011000000000000000011000;263638
0000011100000000000000011000;263705
0000011100000000000000011000;263771
0000011110000000000000011000;263825
0000011111000000000000011000;263872
0000011111000000000000110000;263939
0000011111000000000000111000;264005
0000011111000000000000111000;264057
0000001111100000000000111000;264122
0000001111100000000000111000;264188
0000001111000000000000001000;264238
0000000000000000000000000000;264306
;
0000010000000000001000000000;267339
0000010000000000000100000000;267405
0000011000000000001110000000;267455
0000001000000000000110000000;267506
0000001100000000000011000000;267572
0000001100000000000011000000;267622
0000001110000000000011000000;267675
0000001110000000000001100000;267744
0000001111000000000001100000;267811
0000001111000000000001100000;267861
0000001111000000000011100000;267927
0000000111000000000111000000;267995
0000000011000000000110000000;268044
0000000011000000000110000000;268111
0000000001000000001100000000;268176
0000000011000000001100000000;268228
0000000011000000001100000000;268279
0000000110000000001100000000;268345
0000000110000000001100000000;268395
0000001100000000001110000000;268459
0000001100000000001110000000;268512
0000001100000000000110000000;268596
0000001100000000000111000000;268642
0000001100000000000011100000;268696
0000001100000000000001100000;268759
0000001100000000000001100000;268813
0000001100000000000001100000;268879
0000011000000000000000010000;268942
0000011000000000000000011000;268993
0000010000000000000000011000;269059
0000011000000000000000010000;269125
0000111000000000000000011000;269163
0000111000000000000000111000;269242
0000111000000000000000110000;269293
0000110000000000000000100000;269359
0000110000000000000001100000;269410
0001100000000000000011000000;269476
0001100000000000000011000000;269526
0001100000000000000111000000;269593
0000100000000000000110000000;269643
0000110000000000000111000000;269710
0000011000000000000011000000;269760
0000001100000000000011000000;269826
0000011100000000000011000000;269893
0000011110000000000011100000;269942
0000001110000000000011100000;270010
0000001110000000000001110000;270076
0000000110000000000000110000;270126
0000000111000000000000111000;270193
0000000111000000000000111000;270243
0000000111000000000000111000;270309
0000000111000000000000111000;270359
0000000111000000000000111000;270426
0000000111000000000000111000;270493
0000000111000000000000000000;270542
0000000000000000000000000000;270609
;
