UserID: 1
swipe;
null;
no;
8.0;10.0;0.0;
9.0;9.5;433.0;
9.5;9.5;487.0;
9.5;11.5;909.0;
11.0;13.5;1093.0;
9.5;13.0;1259.0;
;
bowl;
c;
no;
8.0;11.0;0.0;
9.0;10.5;517.0;
9.5;9.5;835.0;
9.5;7.5;1002.0;
;
w;
zigzag;
no;
10.5;9.0;0.0;
10.5;10.5;181.0;
10.0;10.5;235.0;
8.5;10.0;1014.0;
8.0;8.5;1315.0;
9.5;8.0;1614.0;
10.5;9.5;1898.0;
12.0;11.0;2083.0;
;
leftAngle;
slope;
no;
10.0;8.0;0.0;
10.5;9.5;233.0;
10.5;9.5;299.0;
10.5;11.5;716.0;
9.0;12.0;1132.0;
7.5;10.5;1365.0;
6.5;8.5;1599.0;
6.5;6.5;1833.0;
8.0;7.5;2249.0;
8.5;9.0;2548.0;
;
dart;
z;
no;
11.0;9.0;0.0;
10.5;10.5;119.0;
10.5;10.5;184.0;
11.0;12.5;300.0;
10.333333;10.5;767.0;
9.0;9.5;901.0;
8.0;8.0;1134.0;
8.0;10.5;1600.0;
8.5;13.0;1783.0;
;
w;
z;
no;
7.0;7.5;0.0;
7.5;8.5;251.0;
7.5;9.0;300.0;
9.0;9.5;785.0;
10.0;8.0;950.0;
8.5;8.5;1434.0;
8.0;10.5;1667.0;
8.5;12.0;1968.0;
10.5;12.5;2268.0;
;
z;
pigtail;
no;
10.5;7.0;0.0;
9.5;6.5;167.0;
9.0;6.5;301.0;
7.5;7.5;466.0;
6.5;9.0;650.0;
7.5;10.5;834.0;
7.0;12.0;1550.0;
7.0;14.0;1850.0;
6.5;15.5;2017.0;
8.5;16.5;2200.0;
10.5;16.0;2617.0;
11.0;14.5;2784.0;
12.0;13.0;2918.0;
;
leftAngle;
bowl;
no;
7.5;7.0;0.0;
8.0;8.0;183.0;
8.0;9.0;300.0;
10.0;7.0;1135.0;
9.5;8.5;1616.0;
8.5;10.0;1786.0;
9.0;11.5;1903.0;
7.0;11.0;2867.0;
6.5;9.5;3033.0;
7.6666665;10.5;3334.0;
10.0;12.0;3700.0;
12.0;13.0;4118.0;
;
bowl;
z;
no;
6.0;11.0;0.0;
6.5;10.0;433.0;
7.5;10.0;600.0;
9.0;9.5;1083.0;
9.0;11.5;1270.0;
10.0;13.5;1383.0;
;
w;
c;
no;
8.0;13.0;0.0;
9.0;12.5;466.0;
9.5;12.5;650.0;
10.0;10.5;949.0;
9.5;9.0;1065.0;
;
c;
zigzag;
no;
12.0;8.0;0.0;
11.5;9.0;100.0;
11.5;9.5;233.0;
11.0;11.0;450.0;
11.0;13.0;649.0;
9.0;12.5;1170.0;
7.5;11.5;1353.0;
6.5;10.0;1416.0;
7.0;8.5;1583.0;
8.5;9.0;2133.0;
9.333333;10.333333;2351.0;
9.5;8.0;3017.0;
7.0;8.0;3083.0;
;
doubleSlope;
slope;
no;
10.5;8.0;0.0;
11.5;8.5;50.0;
11.5;9.5;166.0;
11.0;11.0;598.0;
11.5;12.5;717.0;
9.75;13.0;1365.0;
8.0;12.0;1599.0;
6.0;11.5;1731.0;
6.0;9.5;1955.0;
6.5;7.5;2254.0;
8.5;8.0;2838.0;
9.0;9.5;3088.0;
;
dart;
spiral;
no;
10.5;7.0;0.0;
11.0;8.5;234.0;
11.5;9.5;300.0;
11.0;11.0;534.0;
11.5;12.5;651.0;
10.333333;11.5;1251.0;
9.0;10.0;1369.0;
8.0;8.5;1550.0;
6.5;8.0;1785.0;
6.5;10.0;2318.0;
6.5;12.5;2553.0;
6.5;14.5;2855.0;
;
slope;
z;
no;
6.0;6.0;0.0;
7.0;6.5;101.0;
7.5;7.5;215.0;
8.0;9.0;649.0;
10.0;7.0;1166.0;
8.333333;6.5;2067.0;
7.0;8.5;2301.0;
8.5;10.5;2551.0;
9.333333;12.0;3018.0;
12.0;12.5;3136.0;
;
x;
z;
no;
10.0;7.5;0.0;
8.0;6.5;451.0;
7.5;6.5;517.0;
6.5;8.5;934.0;
7.6666665;9.5;1766.0;
7.0;11.5;2567.0;
7.5;13.5;2717.0;
9.5;12.5;3301.0;
10.0;11.0;3735.0;
;
x;
zigzag;
no;
8.5;7.0;0.0;
8.0;8.0;318.0;
8.0;8.5;367.0;
9.5;9.0;783.0;
11.0;7.5;1135.0;
9.0;7.5;1552.0;
8.5;9.5;1917.0;
8.0;11.0;2450.0;
7.3333335;9.5;2749.0;
8.5;11.0;3350.0;
9.0;12.5;3517.0;
10.5;13.0;3768.0;
;
rightAngle;
doubleSlope;
no;
8.0;10.0;0.0;
7.0;9.5;234.0;
9.5;9.5;534.0;
11.0;12.5;1300.0;
;
zigzag;
doubleSlope;
no;
8.0;12.0;0.0;
7.0;11.5;183.0;
9.5;11.5;715.0;
9.5;9.5;950.0;
9.5;7.5;1251.0;
;
doubleSlope;
z;
no;
10.0;7.5;0.0;
10.5;8.5;352.0;
10.5;9.0;400.0;
9.5;10.5;751.0;
8.333333;9.5;1419.0;
7.0;8.0;1650.0;
7.5;6.5;1950.0;
8.666667;7.5;2550.0;
9.333333;9.0;2735.0;
11.5;9.0;2784.0;
11.5;11.0;2966.0;
;
doubleSlope;
slope;
no;
10.0;7.5;0.0;
9.5;8.5;232.0;
9.5;9.0;299.0;
10.0;10.5;599.0;
10.0;12.5;949.0;
8.0;12.5;1668.0;
7.5;11.0;1849.0;
6.0;9.5;2016.0;
6.0;7.5;2315.0;
8.0;7.5;2683.0;
8.0;9.5;3050.0;
8.5;11.0;3151.0;
;
leftAngle;
spiral;
no;
10.0;7.5;0.0;
9.5;8.5;299.0;
9.5;9.0;465.0;
9.5;11.0;649.0;
10.0;12.5;815.0;
8.0;11.0;1600.0;
6.5;9.5;1834.0;
5.0;11.0;2718.0;
5.0;13.0;2901.0;
;
hat;
z;
no;
6.5;7.5;0.0;
6.0;9.0;200.0;
7.0;9.0;350.0;
8.25;10.5;836.0;
10.0;9.0;1191.0;
9.5;7.5;1372.0;
8.333333;8.5;1905.0;
7.75;11.5;2440.0;
8.5;13.0;2763.0;
;
pigtail;
pigtail;
yes;
10.0;8.0;0.0;
9.5;7.0;484.0;
9.0;6.5;601.0;
7.75;7.5;1017.0;
6.0;9.0;1256.0;
7.0;10.5;2324.0;
6.0;13.0;2687.0;
6.6666665;14.5;2971.0;
7.8;13.5;3154.0;
9.75;13.5;3338.0;
;
leftAngle;
zigzag;
no;
7.5;6.5;0.0;
7.5;8.0;350.0;
8.0;8.5;417.0;
10.0;7.5;1235.0;
9.0;9.0;1719.0;
7.0;10.0;2602.0;
6.5;8.5;2854.0;
7.0;10.0;3084.0;
8.5;11.0;3383.0;
10.0;12.0;3683.0;
;
