UserID: 1
spiral;
null;
no;
6.0;9.0;0.0;
9.0;9.0;848.0;
9.0;9.0;961.0;
9.0;11.5;1376.0;
8.5;13.0;1678.0;
;
doubleSlope;
hat;
no;
4.0;12.0;0.0;
5.5;12.0;218.0;
6.0;12.0;284.0;
8.0;12.0;582.0;
8.5;10.0;1052.0;
7.5;8.0;1169.0;
;
dart;
bowl;
no;
9.5;9.0;0.0;
9.0;10.5;183.0;
9.0;11.0;251.0;
7.0;12.0;484.0;
5.5;11.0;668.0;
5.0;9.5;832.0;
6.5;8.5;1135.0;
8.0;9.0;1370.0;
9.5;10.5;1682.0;
10.0;12.0;1849.0;
11.0;14.0;2083.0;
;
z;
slope;
no;
10.0;9.0;0.0;
10.5;10.5;152.0;
10.5;10.5;185.0;
10.0;12.0;368.0;
8.5;12.5;787.0;
7.0;11.5;1084.0;
6.5;10.0;1317.0;
7.0;8.5;1602.0;
9.0;8.0;1969.0;
9.5;9.5;2152.0;
9.0;11.5;2334.0;
;
x;
spiral;
no;
9.5;8.5;0.0;
9.5;10.5;116.0;
9.5;11.5;185.0;
7.5;9.5;836.0;
6.0;7.5;1066.0;
5.5;10.5;1552.0;
5.5;12.5;1652.0;
6.0;14.0;1782.0;
;
x;
bowl;
no;
7.0;8.0;0.0;
6.5;9.5;301.0;
6.5;9.5;352.0;
8.0;10.5;534.0;
9.0;12.0;648.0;
11.0;11.0;882.0;
10.0;8.5;1132.0;
8.5;9.0;1437.0;
7.0;10.0;1787.0;
7.5;11.5;2021.0;
9.0;13.5;2321.0;
10.5;14.0;2438.0;
;
tab;
pigtail;
no;
10.0;9.0;0.0;
9.0;8.5;434.0;
8.0;8.5;483.0;
6.0;9.0;667.0;
5.5;11.0;901.0;
7.0;11.5;1134.0;
9.0;12.0;1316.0;
7.5;11.5;1917.0;
6.0;12.0;2150.0;
6.5;13.5;2384.0;
8.0;14.5;2620.0;
10.5;14.0;3101.0;
;
z;
w;
no;
9.0;8.0;0.0;
8.5;9.0;117.0;
8.5;9.5;183.0;
10.0;11.0;351.0;
11.0;9.0;1000.0;
9.5;9.5;1251.0;
7.5;11.5;1551.0;
6.0;12.0;1767.0;
5.0;10.5;1951.0;
5.5;9.0;2134.0;
7.0;8.5;2368.0;
8.5;9.5;2618.0;
9.5;11.5;2802.0;
10.0;14.0;2969.0;
;
zigzag;
doubleSlope;
no;
6.0;9.0;0.0;
7.5;9.0;186.0;
8.0;9.5;249.0;
9.5;9.0;419.0;
11.0;9.5;603.0;
10.5;11.0;952.0;
10.5;14.5;1132.0;
;
doubleSlope;
hat;
no;
6.0;12.0;0.0;
7.5;12.0;167.0;
8.5;12.0;233.0;
11.0;12.0;517.0;
10.5;10.5;821.0;
9.5;8.5;935.0;
10.0;7.0;1118.0;
;
leftAngle;
bowl;
no;
11.0;10.0;0.0;
10.0;10.5;118.0;
9.5;11.5;184.0;
7.0;12.0;466.0;
6.0;10.5;650.0;
6.0;8.5;949.0;
7.5;7.5;1300.0;
9.0;8.5;1483.0;
10.5;10.0;1716.0;
11.0;12.0;1833.0;
;
c;
slope;
no;
11.0;9.5;0.0;
11.0;11.0;51.0;
11.0;12.0;117.0;
10.0;13.5;597.0;
8.0;13.0;881.0;
6.5;12.0;1131.0;
6.0;10.5;1298.0;
6.5;9.0;1538.0;
7.5;7.5;1787.0;
9.0;8.0;1956.0;
10.0;10.0;2187.0;
9.5;11.5;2371.0;
;
pigtail;
spiral;
no;
11.0;9.5;0.0;
10.5;10.5;68.0;
10.5;11.5;117.0;
11.5;13.0;233.0;
10.0;11.5;767.0;
8.5;10.0;901.0;
7.0;8.5;1017.0;
6.5;10.5;1601.0;
7.0;13.5;1717.0;
;
tab;
z;
no;
7.0;8.0;0.0;
7.5;9.5;182.0;
8.0;10.0;251.0;
9.5;11.0;431.0;
12.0;10.0;782.0;
10.0;8.0;1131.0;
8.5;8.5;1370.0;
7.5;10.5;1736.0;
7.5;12.5;1971.0;
9.0;13.5;2271.0;
10.0;15.0;2385.0;
;
hat;
pigtail;
no;
11.0;9.0;0.0;
10.0;8.5;66.0;
9.5;8.5;232.0;
7.5;7.5;416.0;
6.0;8.5;716.0;
6.5;10.0;951.0;
7.5;11.5;1134.0;
9.5;11.5;1367.0;
11.0;11.0;1483.0;
9.0;11.0;1839.0;
7.5;10.5;1971.0;
6.5;12.0;2255.0;
7.0;14.0;2504.0;
8.5;14.5;2738.0;
;
z;
w;
no;
8.0;7.5;0.0;
8.5;9.5;303.0;
8.5;9.5;354.0;
9.5;11.0;607.0;
11.0;10.0;906.0;
10.0;8.0;1306.0;
8.5;9.0;1606.0;
7.5;10.5;1848.0;
7.0;12.0;2032.0;
5.0;11.0;2383.0;
5.0;9.0;2682.0;
6.5;8.5;2915.0;
8.0;10.0;3166.0;
8.5;11.5;3282.0;
9.5;13.0;3467.0;
;
rightAngle;
doubleSlope;
no;
6.0;9.0;0.0;
7.0;9.5;400.0;
8.0;9.5;519.0;
9.5;9.0;768.0;
11.0;9.5;885.0;
10.5;11.0;1301.0;
10.5;13.0;1419.0;
;
tab;
hat;
no;
6.0;12.0;0.0;
7.5;12.0;165.0;
8.0;12.0;235.0;
9.5;12.5;415.0;
11.0;12.0;532.0;
10.5;10.0;949.0;
10.0;8.5;1065.0;
10.0;6.5;1300.0;
;
z;
bowl;
no;
11.0;9.5;0.0;
9.5;10.5;166.0;
9.5;10.5;233.0;
9.0;12.5;350.0;
7.3333335;12.0;701.0;
5.5;11.5;884.0;
5.5;9.5;998.0;
7.0;7.5;1298.0;
9.5;9.5;1832.0;
10.5;11.5;2015.0;
12.0;13.0;2198.0;
;
x;
slope;
no;
10.0;8.0;0.0;
10.5;9.5;183.0;
10.5;10.0;232.0;
10.5;12.0;416.0;
9.0;13.0;902.0;
7.0;13.0;1183.0;
6.0;11.5;1366.0;
5.5;10.0;1552.0;
6.5;8.0;1783.0;
8.0;7.0;2033.0;
9.0;8.5;2266.0;
9.0;10.5;2385.0;
8.5;12.5;2502.0;
;
w;
slope;
no;
10.0;8.0;0.0;
10.5;9.5;114.0;
10.5;10.5;168.0;
10.0;12.5;302.0;
10.5;14.0;418.0;
10.0;12.5;833.0;
8.5;10.5;1001.0;
7.5;9.0;1068.0;
6.0;8.5;1418.0;
6.5;11.0;1649.0;
7.0;13.5;1782.0;
;
leftAngle;
z;
no;
6.5;8.5;0.0;
7.0;9.5;233.0;
7.5;10.5;300.0;
9.0;11.5;466.0;
11.0;12.0;650.0;
11.0;10.0;949.0;
10.0;8.5;1133.0;
8.0;9.0;1368.0;
7.0;10.5;1717.0;
7.5;12.5;2017.0;
8.0;14.0;2134.0;
10.0;14.5;2368.0;
11.5;15.0;2552.0;
;
rightAngle;
pigtail;
no;
10.0;9.0;0.0;
8.5;8.5;302.0;
8.0;8.5;421.0;
6.0;8.5;604.0;
5.5;10.0;838.0;
6.0;12.0;1022.0;
8.0;12.5;1139.0;
9.5;12.0;1306.0;
7.5;11.5;1852.0;
6.5;13.0;2140.0;
7.5;14.5;2320.0;
9.5;14.5;2506.0;
11.0;14.0;2669.0;
;
bowl;
w;
no;
7.5;7.5;0.0;
8.0;8.5;166.0;
8.5;9.5;282.0;
10.5;10.0;518.0;
11.0;7.0;951.0;
9.5;7.5;1115.0;
8.5;9.0;1298.0;
7.5;10.5;1484.0;
6.0;11.5;1765.0;
4.5;9.5;1951.0;
5.0;8.0;2199.0;
6.5;7.5;2365.0;
8.0;9.5;2783.0;
9.5;11.0;2899.0;
;
