UserID: 2
null;
no;
4.0;13.0;0.0;
4.5;10.0;301.0;
4.5;9.0;377.0;
5.0;7.5;513.0;
6.5;7.0;757.0;
8.5;7.5;873.0;
;
rightAngle;
no;
10.0;6.0;0.0;
8.5;6.0;55.0;
6.5;6.0;109.0;
4.5;6.5;190.0;
2.5;6.5;251.0;
;
w;
no;
5.0;7.0;0.0;
7.0;8.0;124.0;
7.5;9.0;191.0;
9.5;9.5;277.0;
9.5;12.5;485.0;
8.0;13.0;598.0;
5.0;13.0;652.0;
4.0;11.333333;839.0;
4.5;9.5;958.0;
6.5;9.0;1009.0;
8.5;8.5;1079.0;
12.0;6.0;1253.0;
;
slope;
no;
4.0;6.0;0.0;
5.5;6.0;63.0;
7.0;7.0;133.0;
9.0;7.0;192.0;
10.0;12.0;540.0;
3.0;13.0;776.0;
1.5;10.0;957.0;
4.5;9.5;1078.0;
6.5;9.0;1222.0;
;
spiral;
no;
8.0;5.0;0.0;
10.0;5.0;53.0;
12.0;6.0;102.0;
10.0;7.0;409.0;
9.0;8.5;493.0;
7.0;10.0;527.0;
5.0;11.0;576.0;
3.0;13.0;701.0;
6.0;13.0;995.0;
8.0;13.5;1060.0;
;
z;
no;
4.0;15.0;0.0;
6.0;14.0;140.0;
8.0;13.0;188.0;
10.0;12.0;301.0;
10.0;10.0;366.0;
7.0;8.0;603.0;
4.5;9.5;754.0;
5.5;11.0;901.0;
8.5;11.0;1053.0;
10.0;10.5;1070.0;
;
pigtail;
no;
2.5;7.0;0.0;
2.0;8.0;64.0;
1.0;10.0;126.0;
1.0;13.0;181.0;
5.5;10.0;475.0;
6.5;8.5;616.0;
6.5;10.5;896.0;
8.5;13.0;1014.0;
;
leftAngle;
no;
1.0;7.0;0.0;
0.5;8.0;104.0;
0.5;9.5;224.0;
3.0;12.0;472.0;
4.5;10.5;650.0;
5.5;9.0;809.0;
5.5;6.5;990.0;
5.5;8.5;1120.0;
6.5;10.0;1346.0;
7.0;11.5;1413.0;
9.0;12.0;1551.0;
10.0;10.0;1704.0;
;
w;
no;
10.0;6.0;0.0;
;
w;
no;
2.0;9.0;0.0;
4.0;9.5;51.0;
5.5;9.5;158.0;
7.5;10.0;176.0;
9.0;9.5;229.0;
5.0;8.0;638.0;
5.5;11.0;830.0;
7.0;13.0;936.0;
5.0;15.0;1190.0;
5.0;12.0;1707.0;
7.5;12.0;1773.0;
12.0;12.0;1946.0;
;
z;
no;
4.0;13.0;0.0;
4.0;11.333333;249.0;
4.0;9.5;350.0;
4.5;7.6666665;471.0;
4.5;5.5;698.0;
6.5;5.5;1011.0;
9.5;6.5;1068.0;
12.0;6.0;1189.0;
;
rightAngle;
no;
10.0;14.0;0.0;
10.0;12.0;230.0;
10.0;8.0;540.0;
7.5;7.5;770.0;
5.5;7.5;838.0;
4.0;7.0;887.0;
1.5;7.0;1031.0;
;
leftAngle;
no;
3.5;6.0;0.0;
4.5;6.5;70.0;
6.0;8.0;128.0;
7.5;8.5;179.0;
9.5;10.0;310.0;
9.5;12.0;442.0;
9.0;14.0;548.0;
6.0;15.0;650.0;
1.0;13.0;895.0;
1.5;10.5;1009.0;
4.5;9.0;1134.0;
6.5;8.5;1201.0;
9.5;8.0;1304.0;
;
slope;
no;
4.0;6.0;0.0;
5.5;7.0;39.0;
8.0;7.5;107.0;
10.0;11.5;401.0;
8.5;13.0;522.0;
0.5;10.0;947.0;
2.0;9.5;1050.0;
4.5;9.5;1168.0;
;
spiral;
no;
3.0;7.0;0.0;
5.5;7.0;68.0;
8.0;7.0;180.0;
10.0;7.0;180.0;
9.5;8.5;410.0;
6.5;10.5;531.0;
5.0;11.0;641.0;
3.0;13.0;707.0;
6.5;14.0;1065.0;
8.5;14.0;1132.0;
;
z;
yes;
5.0;13.0;0.0;
6.5;12.0;96.0;
8.0;11.0;115.0;
9.0;9.5;231.0;
6.5;8.5;379.0;
4.5;9.0;464.0;
3.5;10.5;681.0;
5.0;11.0;702.0;
7.5;11.0;767.0;
9.5;9.5;821.0;
;
pigtail;
no;
2.0;8.0;0.0;
1.0;9.5;68.0;
1.0;10.0;115.0;
1.0;13.0;185.0;
3.5;13.0;301.0;
5.5;10.0;483.0;
6.5;8.5;600.0;
7.0;12.0;1029.0;
8.5;13.0;1129.0;
10.0;12.5;1253.0;
;
w;
no;
1.5;10.0;0.0;
2.5;10.5;62.0;
5.5;11.0;115.0;
8.0;10.5;165.0;
12.0;9.0;304.0;
7.0;8.5;462.0;
6.0;10.0;650.0;
6.5;11.5;712.0;
3.0;13.0;1305.0;
6.0;11.5;1422.0;
8.0;12.5;1492.0;
;
pigtail;
no;
3.0;8.0;0.0;
5.0;8.5;143.0;
5.5;8.5;187.0;
8.5;8.5;676.0;
7.0;5.0;1089.0;
5.5;6.0;1199.0;
6.0;8.5;1468.0;
6.5;10.0;1554.0;
7.0;11.5;1673.0;
6.5;13.5;1790.0;
5.0;14.0;1858.0;
2.0;12.0;2107.0;
3.0;10.5;2263.0;
6.5;11.0;2330.0;
8.5;11.0;2425.0;
;
doubleSlope;
no;
5.0;13.0;0.0;
5.0;10.5;470.0;
5.0;10.5;542.0;
5.5;9.0;712.0;
4.5;7.75;906.0;
6.0;7.0;1216.0;
5.0;10.0;1375.0;
5.0;8.0;1428.0;
8.5;8.0;1479.0;
5.0;10.0;1696.0;
;
rightAngle;
no;
5.0;10.0;0.0;
7.0;7.5;187.0;
7.0;5.0;240.0;
5.0;10.0;288.0;
7.0;10.333333;579.0;
7.0;7.0;678.0;
5.0;10.0;713.0;
0.5;10.0;4041.0;
;
slope;
no;
2.0;4.0;0.0;
;
slope;
no;
12.0;12.0;0.0;
9.0;7.5;584.0;
7.5;7.5;637.0;
4.5;7.0;761.0;
2.5;7.0;893.0;
;
leftAngle;
no;
4.5;8.0;0.0;
6.5;8.0;49.0;
7.5;9.0;117.0;
9.5;10.0;269.0;
9.5;13.5;339.0;
7.0;14.0;457.0;
5.0;13.5;524.0;
3.0;13.0;611.0;
3.0;10.5;776.0;
5.0;9.5;826.0;
8.0;9.0;924.0;
9.5;8.5;942.0;
;
slope;
no;
4.0;8.0;0.0;
5.5;8.0;52.0;
7.5;8.0;120.0;
9.0;8.5;166.0;
9.5;10.0;315.0;
9.5;13.0;469.0;
7.0;14.0;588.0;
5.0;13.5;646.0;
3.5;13.0;716.0;
2.0;11.0;830.0;
4.5;10.5;1005.0;
6.5;10.5;1125.0;
;
spiral;
no;
2.0;7.0;0.0;
3.0;8.0;33.0;
5.5;8.0;85.0;
7.5;8.5;170.0;
9.5;9.0;227.0;
7.5;10.5;449.0;
6.0;12.0;499.0;
4.5;12.5;611.0;
3.0;13.0;765.0;
5.5;14.0;925.0;
7.5;14.0;991.0;
9.5;14.0;1065.0;
12.0;14.5;1166.0;
;
