UserID: 1
doubleSlope;
null;
no;
6.0;12.0;0.0;
6.0;10.5;119.0;
6.0;9.5;175.0;
6.0;7.5;350.0;
8.5;7.5;647.0;
;
dart;
hat;
no;
9.0;13.0;0.0;
9.0;11.5;118.0;
9.0;10.5;169.0;
9.0;8.0;352.0;
6.5;7.5;720.0;
3.0;7.5;886.0;
;
slope;
w;
no;
6.0;8.0;0.0;
7.0;9.0;115.0;
8.0;9.0;162.0;
9.0;10.5;281.0;
8.0;13.0;463.0;
6.0;13.0;579.0;
6.0;9.5;879.0;
8.0;8.0;997.0;
10.0;7.0;1062.0;
;
x;
slope;
no;
6.0;7.0;0.0;
7.5;7.0;118.0;
8.0;7.5;185.0;
10.0;8.0;302.0;
10.0;10.0;419.0;
8.0;12.0;653.0;
6.0;12.0;833.0;
5.0;9.0;1137.0;
7.0;9.0;1317.0;
9.0;9.0;1503.0;
;
tab;
spiral;
no;
5.0;8.0;0.0;
7.0;8.5;234.0;
9.0;8.0;300.0;
9.0;10.0;600.0;
7.0;11.0;667.0;
5.5;12.0;771.0;
9.0;12.0;1118.0;
;
swipe;
hat;
no;
7.0;11.0;0.0;
8.0;10.0;50.0;
9.0;9.5;101.0;
9.0;7.5;351.0;
7.0;8.0;603.0;
6.0;9.5;766.0;
6.0;11.5;1000.0;
8.0;12.0;1299.0;
9.5;11.5;1418.0;
11.0;10.5;1533.0;
12.0;9.0;1665.0;
;
zigzag;
pigtail;
no;
6.0;9.0;0.0;
6.0;11.0;248.0;
7.0;13.0;597.0;
9.0;12.0;717.0;
9.0;9.5;897.0;
8.5;11.0;1248.0;
9.0;12.5;1432.0;
11.0;12.0;1598.0;
12.0;9.5;1900.0;
;
bowl;
w;
no;
11.0;7.0;0.0;
;
c;
w;
no;
6.0;10.5;0.0;
8.0;9.0;201.0;
9.0;8.0;234.0;
7.0;7.0;534.0;
5.5;8.0;702.0;
7.0;9.5;952.0;
9.0;10.5;1186.0;
9.5;12.0;1351.0;
9.0;10.5;2082.0;
;
leftAngle;
pigtail;
no;
3.0;11.0;0.0;
4.0;10.5;118.0;
5.0;10.0;232.0;
5.5;8.5;532.0;
4.0;8.0;648.0;
3.5;10.0;899.0;
5.0;11.0;1131.0;
7.0;12.0;1365.0;
5.0;13.0;1666.0;
6.0;11.5;1899.0;
7.5;10.5;2015.0;
;
w;
doubleSlope;
no;
5.0;11.5;0.0;
5.0;10.0;117.0;
5.0;9.0;183.0;
6.5;8.0;534.0;
8.5;7.5;601.0;
;
hat;
hat;
yes;
8.0;12.0;0.0;
8.0;9.0;249.0;
8.0;8.0;283.0;
6.0;7.5;649.0;
4.0;7.5;767.0;
;
swipe;
bowl;
no;
5.0;8.0;0.0;
7.0;8.5;298.0;
7.5;9.0;351.0;
8.0;11.5;615.0;
6.0;12.0;882.0;
4.0;11.0;1065.0;
5.0;9.5;1248.0;
6.0;8.0;1365.0;
7.5;7.5;1548.0;
;
rightAngle;
spiral;
no;
5.0;8.0;0.0;
7.0;7.5;183.0;
7.0;8.0;234.0;
8.0;9.5;435.0;
7.5;11.5;718.0;
6.0;12.0;899.0;
4.0;11.0;1083.0;
5.0;8.5;1317.0;
6.5;9.5;1549.0;
;
z;
spiral;
no;
5.0;8.0;0.0;
7.0;8.0;248.0;
7.5;8.5;302.0;
6.5;10.5;716.0;
5.0;12.0;831.0;
7.5;12.0;1315.0;
9.0;11.5;1548.0;
;
pigtail;
z;
no;
4.0;12.0;0.0;
6.0;11.0;117.0;
7.0;10.5;184.0;
8.0;9.0;348.0;
6.5;8.0;601.0;
5.0;8.5;718.0;
5.0;11.0;1065.0;
6.5;12.0;1366.0;
8.0;11.5;1483.0;
10.0;10.5;1614.0;
10.5;9.0;1731.0;
;
x;
pigtail;
no;
3.0;9.0;0.0;
3.0;11.0;183.0;
3.0;11.0;233.0;
5.0;12.0;550.0;
6.0;10.5;667.0;
6.5;9.0;783.0;
6.0;11.0;1200.0;
8.0;11.5;1618.0;
8.5;9.0;1901.0;
8.0;7.5;2034.0;
;
doubleSlope;
w;
no;
4.0;10.0;0.0;
5.0;9.0;317.0;
6.0;8.0;434.0;
5.5;6.5;784.0;
4.0;7.0;968.0;
4.0;9.0;1270.0;
6.0;9.5;1435.0;
7.0;11.0;1618.0;
8.5;12.0;1853.0;
6.5;12.0;2084.0;
7.0;10.0;2336.0;
9.0;8.0;2637.0;
;
spiral;
z;
no;
5.5;9.0;0.0;
6.5;8.5;351.0;
7.5;8.5;401.0;
9.5;8.5;535.0;
;
doubleSlope;
z;
no;
8.0;13.0;0.0;
8.0;11.5;183.0;
8.0;10.0;234.0;
7.5;8.5;600.0;
4.5;8.5;767.0;
;
spiral;
z;
no;
5.0;8.0;0.0;
6.5;9.0;233.0;
7.0;9.0;301.0;
8.0;11.0;483.0;
4.5;12.0;951.0;
4.0;10.5;1133.0;
5.5;8.5;1316.0;
7.0;7.5;1434.0;
;
leftAngle;
slope;
no;
4.0;8.0;0.0;
5.5;8.0;131.0;
6.5;8.0;180.0;
8.0;9.5;346.0;
8.0;11.5;534.0;
7.0;13.0;768.0;
5.0;13.0;951.0;
3.0;11.0;1135.0;
4.5;9.5;1365.0;
6.0;10.0;1549.0;
;
dart;
spiral;
no;
3.0;8.0;0.0;
4.0;7.5;102.0;
5.0;7.5;167.0;
7.0;7.5;285.0;
8.5;8.0;419.0;
7.0;9.5;652.0;
5.0;11.0;836.0;
3.0;12.0;1019.0;
5.5;12.0;1352.0;
7.0;11.5;1420.0;
9.0;11.5;1536.0;
;
leftAngle;
z;
no;
4.0;11.0;0.0;
5.0;10.0;124.0;
6.0;9.5;174.0;
7.0;8.0;356.0;
6.0;6.5;607.0;
4.5;8.5;840.0;
4.0;10.0;1024.0;
6.0;11.0;1191.0;
7.5;10.5;1308.0;
9.0;9.0;1425.0;
;
pigtail;
pigtail;
yes;
4.0;9.0;0.0;
3.0;10.0;184.0;
3.0;11.0;234.0;
4.0;13.0;484.0;
6.0;12.0;600.0;
6.0;10.0;833.0;
6.0;12.0;1251.0;
8.0;13.0;1601.0;
8.5;11.5;1784.0;
9.0;10.0;1954.0;
;
doubleSlope;
w;
no;
3.0;11.0;0.0;
4.0;10.5;184.0;
5.0;10.0;366.0;
6.0;8.0;651.0;
3.0;7.0;902.0;
3.0;10.0;1433.0;
5.0;11.0;1666.0;
6.5;12.0;1849.0;
7.0;13.5;2084.0;
5.0;14.0;2267.0;
5.0;12.0;2503.0;
7.0;10.0;2734.0;
;
