UserID: 2
0000010000000000000001000000;65.0
0000010000000000000001000000;133.0
0000010000000000000001100000;184.0
0000010000000000000001100000;233.0
0000010000000000000001100000;301.0
0000010000000000000001100000;367.0
0000110000000000000001100000;416.0
0000010000000000000001100000;485.0
0000000000000000000000000000;534.0
0000000000000000000000000000;599.0
0000000000000000000000000000;649.0
0000000000000000000000000000;717.0
0000000000000000000000000000;783.0
0000000000000000000000000000;850.0
0000000000000000000000000000;883.0
0000000000000000000000000000;949.0
0000000000000000000000000000;1015.0
0000000000000000000000000000;1083.0
0000000000000000000000000000;1131.0
0000000000000000000000000000;1201.0
0000000000000000000000000000;1250.0
0000000000000000000000000000;1315.0
0000000000000000000000000000;1365.0
0000000000000000000000000000;1432.0
0000000000000000000000000000;1501.0
0000000000000000000000000000;1550.0
0000000000000000001000000000;1602.0
0011000000000000001100000000;1720.0
0011000000000000001100000000;1732.0
0011000000000000001100000000;1802.0
0001000000000000001100000000;1850.0
0001000000000000001100000000;1899.0
0001000000000000001100000000;1966.0
0001000000000000001000000000;2033.0
0000000000000000001000000000;2082.0
0000100000000000001000000000;2149.0
0000100000000000001000000000;2199.0
0000100000000000001000000000;2265.0
0000010000000000001000000000;2316.0
0000010000000000001000000000;2386.0
0000010000000000001000000000;2451.0
0000010000000000001000000000;2499.0
0000001000000000001000000000;2550.0
0000000100000000001000000000;2617.0
0000000100000000001000000000;2686.0
0000000100000000001000000000;2752.0
0000000100000000001000000000;2800.0
0000000000000000001100000000;2852.0
0000000010000000000100000000;2920.0
0000000000000000000000000000;2985.0
;
0000000001000000000000110000;66.0
0000000001000000000000110000;132.0
0000000011000000000000110000;182.0
0000000011000000000000110000;233.0
0000000011000000000000110000;300.0
0000000011000000000000111000;367.0
0000000011000000000000111000;417.0
0000000011000000000000111000;482.0
0000000011000000000000111000;533.0
0000000011000000000000111000;600.0
0000000011000000000000111000;650.0
0000000011000000000000111000;717.0
0000000011000000000000111000;783.0
0000000011000000000000100000;851.0
0000000000000000000000000000;883.0
0000000000000000000000000000;950.0
0000000000000000000000000000;1019.0
0000000000000000000000001000;1086.0
0000011000000000000000001000;1134.0
0000011000000000000000001100;1201.0
0000011000000000000000001100;1250.0
0000011000000000000000001000;1319.0
0000011000000000000000001000;1369.0
0000011000000000000000011000;1436.0
0000001000000000000000001000;1484.0
0000001000000000000000001000;1550.0
0000011000000000000000011000;1600.0
0000001000000000000000011000;1667.0
0000011000000000000000011100;1734.0
0000011000000000000000001100;1800.0
0000011000000000000000001100;1833.0
0000011000000000000000001100;1900.0
0000010000000000000000001000;1966.0
0000000000000000000000000000;2033.0
;
1100000000000000000000000100;65.0
0100000000000000000000000100;130.0
0100000000000000000000000000;198.0
0000000000000000000000000000;232.0
0000000000000000000000000000;301.0
0000000000000000000000000000;367.0
0000000000000000000000000000;430.0
0000000000000000000000000000;484.0
0000000000000000000000000000;548.0
0000000000000000000000000000;598.0
0000000000000000000000000000;666.0
0000000000000000000000000000;714.0
0000000000000000000000000000;781.0
0000000000000000000000000000;847.0
0000000000000000000000000000;898.0
0000000000000000000000000000;948.0
0000000000000000000000000000;1015.0
0000000000000000000000000000;1082.0
0000000000000000000000000000;1148.0
0000000000000000000000000000;1198.0
0000000000000000000000000000;1247.0
0000000000000000000000000000;1317.0
0000000000000000000000000000;1381.0
0000000000000000001000000000;1431.0
0100000000000000001000000000;1500.0
0100000000000000001000000000;1555.0
0100000000000000001000100000;1623.0
1100000000000000001000100000;1673.0
1100000000000000001000100000;1723.0
1010000000000000001000100000;1792.0
1000100000000000001000100000;1859.0
1000110000000000001100100000;1905.0
1000001000000000001100100000;1975.0
1000001100000000000100100000;2039.0
1000000010000000000110100000;2090.0
1000000011000000000110100000;2140.0
1000000001000000000110100000;2206.0
1000000001000000000110100000;2275.0
1000000001000000000010100000;2340.0
1000000001000000000010100000;2374.0
1000000000100000000001110000;2442.0
1000000000100000000001110000;2507.0
1000000000100000000000110000;2575.0
1000000000100000000000110000;2622.0
1000000000100000000000110000;2675.0
1000000000000000000000110100;2739.0
1000000000010000000000110011;2806.0
1000000000010000000000110001;2859.0
1000000000010000000000110001;2922.0
1000000000010000000000110000;2989.0
1000000000000000000000110000;3039.0
1000000000000000000000110000;3089.0
1000000000000000000000010000;3155.0
0000000000000000000000000000;3222.0
;
0000000000001000000000010000;67.0
0000000000001000000000010000;101.0
0000000000011000000000010000;166.0
0000000000011000000000010000;234.0
0000000000011000000000010000;304.0
0000000000011000000000010000;350.0
0000000000011000000000010000;400.0
0000000000001000000000000000;467.0
0000000000000000000000100000;534.0
0000000000010000000000100000;585.0
0000000000000000000000000000;653.0
0000000000000000000000000000;718.0
0000000000000000000000000000;767.0
0000000000000000000000000000;818.0
0000000000000000000000000000;886.0
0000000110000000011000000000;952.0
0000001110000000011000000000;1019.0
0000001110000000011000000000;1053.0
0000001110000000011000000000;1116.0
0000001110000000011000000000;1184.0
0000011110000000011000000000;1251.0
0000011110000000011100000000;1300.0
0000011110000000011000000000;1367.0
0000011100000000001000000000;1417.0
0000000000000000000000000000;1483.0
0000000000000000000000000000;1534.0
0000000000000000000000000000;1600.0
0000000000000000000000000000;1667.0
0000000000000000000000100100;1716.0
1011000000000000000001100100;1768.0
1011000000000000000001100100;1835.0
0011000000000000000001100000;1896.0
0111000000000000000001100000;1964.0
0111000000000000000001100000;2013.0
0011000000000000000001100000;2080.0
0001000000000000000000000000;2130.0
0000000000000000000000000000;2198.0
;
0000000100000000000100000000;70.0
0000000100000000000010000000;135.0
0000000100000000000000100000;187.0
0000000010000000000000110000;234.0
0000000010000000000000010000;299.0
0000000001000000000000010000;367.0
0000000001100000000000010000;434.0
0000000000100000000000100000;484.0
0000000000100000000001000000;534.0
0000000000110000000001000000;601.0
0000000000100000000011000000;668.0
0000000000100000000000000000;716.0
0000000001000000000100000000;784.0
0000000010000000000100000000;834.0
0000000110000000000100000000;901.0
0000000100000000000110000000;951.0
0000001100000000000010000000;1016.0
0000001000000000000011000000;1083.0
0000010000000000000001000000;1151.0
0000100000000000000001000000;1184.0
0000000000000000000010000000;1251.0
0001000000000000000010000000;1318.0
0000000000000000000100000000;1383.0
0010000000000000000000000000;1437.0
0000000000000000001000000000;1487.0
0000000000000000010000000000;1550.0
0001000000000000010000000000;1617.0
0001000000000000010000000000;1668.0
0000100000000000010000000000;1733.0
0000010000000000001000000000;1785.0
0000001000000000000100000000;1852.0
0000001000000000000110000000;1902.0
0000010000000000000011000000;1966.0
0000010000000000000001000000;2036.0
0000110000000000000001000000;2101.0
0000100000000000000001000000;2136.0
0000100000000000000001000000;2202.0
0000100000000000000001000000;2267.0
0000100000000000000001000000;2333.0
0000100000000000000000000000;2386.0
0000000000000000000000000000;2451.0
;
0001000000000000000000100000;46.0
0001000000000000000000000000;114.0
0000000000000000000000000000;167.0
0000000000000000000000000000;230.0
0000000000000000000000000000;280.0
0000000000000000000000000000;348.0
0000000000000000000000000000;414.0
0000000000000000000000000000;481.0
0000000000000000000000000000;530.0
0000000000000000000000000000;581.0
0000000000000000000000000000;647.0
0000000000000000000000000000;714.0
0000000000000000000000000000;764.0
0000000000000000000000000000;831.0
0000000000000000000000000000;880.0
0000000000000000000000000000;948.0
0000000000000000000000000000;997.0
0000000000000000000000000000;1064.0
0000000000000000000000000000;1130.0
0000000000000000000000000000;1183.0
0000000000000000000000000000;1239.0
0000000000000000000000000000;1307.0
0000000000000000000000000000;1356.0
0000000000000000000000000000;1425.0
0000000000000000000000000000;1474.0
0000000000000000000000000000;1539.0
0000000000000000000000000000;1605.0
0000000000000000000000000000;1673.0
0000000000000000000000000000;1706.0
0000000000000000000000000000;1773.0
0000000000000000000000000000;1840.0
0000000000000000000000000000;1907.0
0000000000000000000000000000;1956.0
0000000000000000000000000000;2007.0
;
0000000000100000010000000000;63.0
0000000000100000000100000000;114.0
0000000000100000000010000000;181.0
0000000000100000000000100000;249.0
0000000001100000000000100000;297.0
0000000001000000000000100000;365.0
0000000001000000000000100000;416.0
0000000001000000000001100000;480.0
0000000001000000000010000000;530.0
0000000010000000000100000000;598.0
0000000100000000001000000000;666.0
0000001000000000010000000000;715.0
0000010000000000100000000000;765.0
0000010000000000100000000000;832.0
0000010000000000110000000000;897.0
0000010000000000110000000000;964.0
0000010000000000110000000000;1015.0
0000010000000000001000000000;1065.0
0000010000000000000110000000;1131.0
0000010000000000000001000000;1198.0
0000010000000000000000100000;1247.0
0000010000000000000000100000;1316.0
0000010000000000000000100000;1365.0
0000010000000000000000100000;1434.0
0000010000000000000000100000;1482.0
0000000000000000000000000000;1549.0
0000000000000000000000000000;1616.0
0000000000000000000000000000;1680.0
0000000000000000000000000000;1716.0
0000000000000000000000000000;1781.0
0000000000000000000000000000;1847.0
0000000000000000000000000000;1913.0
0000000000000000000000000000;1950.0
0000000000000000000000000000;2031.0
;
