UserID: 2
null;
no;
4.0;13.0;0.0;
3.5;11.5;135.0;
3.5;11.0;225.0;
4.0;6.0;537.0;
7.0;6.5;710.0;
9.5;6.5;762.0;
11.5;7.0;883.0;
;
rightAngle;
no;
11.5;15.5;0.0;
10.5;14.5;175.0;
11.0;14.0;230.0;
10.5;11.5;400.0;
10.0;8.0;597.0;
9.5;6.5;835.0;
7.3333335;7.0;997.0;
4.5;7.5;998.0;
3.0;8.333333;1144.0;
;
leftAngle;
no;
2.5;7.5;0.0;
3.5;8.0;73.0;
5.0;8.5;108.0;
8.0;8.5;244.0;
10.0;9.5;393.0;
8.0;16.0;762.0;
5.5;16.5;900.0;
4.0;15.5;951.0;
2.5;15.0;1064.0;
1.5;13.0;1333.0;
1.5;10.5;1492.0;
4.5;9.0;1669.0;
7.0;9.5;1782.0;
;
spiral;
no;
5.0;6.0;0.0;
6.6666665;7.0;241.0;
8.0;7.5;297.0;
9.5;8.0;421.0;
10.0;9.5;599.0;
9.5;11.0;836.0;
6.0;15.0;1005.0;
3.0;13.0;1122.0;
3.5;11.333333;1398.0;
5.5;10.0;1484.0;
7.0;9.5;1564.0;
8.0;8.0;1724.0;
10.5;6.5;1870.0;
;
slope;
no;
4.5;5.5;0.0;
6.5;5.5;88.0;
8.0;5.5;169.0;
9.5;6.0;205.0;
10.5;8.0;334.0;
11.0;9.5;569.0;
10.0;11.0;687.0;
9.5;13.5;773.0;
8.0;15.0;858.0;
6.0;15.0;929.0;
4.0;14.0;981.0;
2.0;13.0;1093.0;
1.0;11.0;1256.0;
3.0;9.5;1423.0;
6.0;9.5;1507.0;
;
spiral;
no;
1.0;4.0;0.0;
2.0;5.0;54.0;
4.0;5.5;102.0;
5.5;6.0;173.0;
8.0;7.0;339.0;
5.5;8.5;577.0;
3.5;10.5;784.0;
1.5;12.0;835.0;
0.0;15.0;1126.0;
2.0;15.0;1259.0;
4.5;15.5;1363.0;
6.0;16.0;1415.0;
8.5;16.5;1484.0;
;
z;
no;
4.5;15.0;0.0;
8.5;12.5;206.0;
8.0;11.0;242.0;
6.0;9.5;372.0;
3.0;10.5;476.0;
2.0;13.0;596.0;
4.5;13.0;719.0;
6.5;12.5;771.0;
7.5;10.5;864.0;
9.5;9.5;900.0;
11.0;8.5;950.0;
11.5;6.0;1061.0;
;
pigtail;
no;
1.0;8.0;0.0;
1.5;9.5;145.0;
1.5;9.5;179.0;
2.0;11.5;307.0;
2.5;10.0;361.0;
7.5;12.5;622.0;
8.0;9.5;725.0;
7.5;11.0;1126.0;
9.0;11.5;1323.0;
11.5;11.333333;1439.0;
;
leftAngle;
no;
2.0;9.5;0.0;
3.5;9.5;118.0;
5.0;9.5;170.0;
7.0;10.0;220.0;
9.0;8.5;347.0;
10.5;8.0;459.0;
7.5;6.0;699.0;
6.5;7.5;884.0;
7.5;9.5;1129.0;
8.0;11.8;1409.0;
6.5;10.5;1691.0;
5.0;15.0;1734.0;
3.0;14.0;1892.0;
3.5;12.5;2075.0;
5.0;11.5;2194.0;
7.0;11.5;2293.0;
10.5;11.5;2360.0;
;
z;
no;
3.0;13.5;0.0;
2.5;12.5;112.0;
3.5;12.0;272.0;
3.0;10.0;473.0;
3.0;7.0;743.0;
3.5;5.5;827.0;
5.5;6.5;1050.0;
7.25;7.5;1067.0;
9.0;8.0;1135.0;
10.666667;8.0;1243.0;
;
rightAngle;
no;
10.0;15.0;0.0;
10.0;13.5;110.0;
9.5;12.5;182.0;
10.5;11.0;392.0;
10.5;8.75;493.0;
9.0;5.0;881.0;
7.5;5.5;945.0;
4.5;5.5;1067.0;
1.5;4.5;1186.0;
;
leftAngle;
no;
3.0;5.0;0.0;
4.5;5.5;70.0;
5.0;5.5;126.0;
6.5;6.5;193.0;
8.5;7.5;273.0;
9.5;9.5;479.0;
10.5;11.0;593.0;
5.0;17.0;901.0;
4.0;15.0;1074.0;
3.5;13.5;1142.0;
4.5;12.0;1307.0;
5.5;10.5;1386.0;
9.0;9.0;1494.0;
10.5;7.0;1547.0;
;
slope;
no;
2.0;6.5;0.0;
4.0;6.5;117.0;
5.5;6.5;231.0;
9.0;7.0;298.0;
11.0;8.5;474.0;
11.0;10.5;560.0;
10.5;12.0;740.0;
5.0;16.0;910.0;
0.0;13.0;1068.0;
0.0;10.5;1186.0;
1.5;10.0;1248.0;
5.0;10.0;1394.0;
;
spiral;
no;
4.5;4.0;0.0;
6.0;4.0;66.0;
6.5;4.0;138.0;
8.5;4.5;188.0;
7.5;6.0;613.0;
6.0;8.5;715.0;
4.5;10.75;783.0;
4.5;8.5;848.0;
5.5;17.0;1309.0;
8.0;17.0;1406.0;
10.0;17.0;1490.0;
;
leftAngle;
no;
3.0;14.0;0.0;
5.5;13.5;85.0;
6.5;12.0;119.0;
7.0;10.0;258.0;
5.5;10.5;313.0;
2.5;10.5;432.0;
1.5;11.666667;484.0;
2.5;13.0;650.0;
5.0;13.5;766.0;
6.0;12.0;784.0;
7.6666665;10.0;818.0;
9.5;8.0;942.0;
11.5;8.0;961.0;
;
pigtail;
no;
2.5;9.5;0.0;
2.5;11.0;118.0;
3.0;11.5;183.0;
5.5;14.0;309.0;
7.0;13.0;410.0;
9.0;11.0;481.0;
10.0;12.5;1019.0;
;
leftAngle;
no;
1.0;8.0;0.0;
0.5;9.0;160.0;
0.5;9.5;244.0;
2.0;10.5;494.0;
3.0;12.5;662.0;
5.0;12.0;782.0;
6.0;13.5;837.0;
7.5;13.0;900.0;
8.0;11.5;1071.0;
9.0;13.0;1496.0;
10.5;13.5;1551.0;
11.5;12.0;1777.0;
11.5;10.333333;2035.0;
;
leftAngle;
no;
2.0;9.5;0.0;
4.0;9.5;180.0;
4.5;10.0;278.0;
7.0;9.5;297.0;
8.5;9.0;422.0;
7.5;6.0;888.0;
4.5;5.5;955.0;
4.0;7.2;1196.0;
5.0;8.5;1366.0;
5.25;10.375;1666.0;
5.5;12.25;2014.0;
3.0;15.0;2144.0;
2.0;13.5;2255.0;
3.5;12.5;2442.0;
5.0;13.0;2494.0;
6.5;12.0;2567.0;
8.5;12.0;2669.0;
;
doubleSlope;
no;
4.0;12.5;0.0;
4.5;11.0;182.0;
4.5;11.0;271.0;
5.0;8.25;347.0;
5.5;6.75;647.0;
7.0;6.0;866.0;
10.0;4.5;884.0;
11.5;5.5;1019.0;
;
rightAngle;
no;
10.0;13.0;0.0;
10.5;12.0;264.0;
10.5;11.5;491.0;
10.0;10.0;844.0;
8.5;9.0;1195.0;
7.75;7.4;1267.0;
5.6666665;5.5;1367.0;
3.5;5.5;1503.0;
;
leftAngle;
no;
2.5;7.0;0.0;
4.5;7.5;51.0;
6.0;8.5;170.0;
8.0;9.5;221.0;
9.5;10.0;348.0;
8.5;13.0;532.0;
5.0;16.0;660.0;
3.0;14.0;761.0;
3.5;12.0;962.0;
4.0;10.5;998.0;
5.5;9.0;1066.0;
8.5;8.5;1122.0;
9.666667;7.3333335;1190.0;
11.5;6.5;1304.0;
;
slope;
no;
3.0;6.0;0.0;
4.5;6.0;68.0;
6.0;6.5;173.0;
8.5;8.5;191.0;
10.0;9.0;374.0;
9.5;11.25;539.0;
8.5;13.5;673.0;
3.5;15.0;848.0;
2.0;14.0;913.0;
0.0;12.0;1019.0;
0.0;10.0;1126.0;
1.5;9.5;1143.0;
5.0;8.5;1273.0;
8.0;8.0;1325.0;
;
spiral;
no;
2.0;5.0;0.0;
3.5;5.5;50.0;
4.5;5.5;120.0;
6.5;5.5;189.0;
8.5;6.0;291.0;
10.0;6.5;359.0;
8.5;7.5;475.0;
7.5;9.0;597.0;
6.0;11.5;664.0;
5.3333335;7.0;782.0;
9.0;11.0;831.0;
9.0;7.0;922.0;
9.0;11.5;1007.0;
5.5;16.5;1064.0;
5.3333335;13.75;1134.0;
7.25;13.75;1305.0;
9.5;13.333333;1421.0;
10.0;7.0;1987.0;
4.0;16.0;4818.0;
5.5;15.5;4874.0;
7.0;14.5;4994.0;
;
spiral;
no;
5.0;16.0;0.0;
6.0;15.0;81.0;
6.0;14.5;116.0;
6.5;12.0;239.0;
5.5;10.5;307.0;
1.5;10.5;419.0;
0.5;12.333333;557.0;
1.5;14.0;607.0;
5.5;12.5;790.0;
7.5;10.5;851.0;
10.0;8.0;904.0;
;
pigtail;
no;
1.0;10.0;0.0;
1.0;11.666667;176.0;
1.5;12.25;224.0;
3.5;12.666667;406.0;
4.3333335;14.5;474.0;
7.0;11.5;632.0;
8.5;12.5;1005.0;
10.0;12.666667;1107.0;
11.5;12.0;1176.0;
11.0;10.0;1375.0;
;
leftAngle;
no;
3.5;9.0;0.0;
6.0;9.5;213.0;
7.5;9.5;247.0;
10.5;9.5;371.0;
10.0;7.0;536.0;
7.5;6.5;605.0;
7.0;8.25;711.0;
8.0;10.0;897.0;
7.5;11.5;1012.0;
8.0;13.0;1142.0;
6.5;14.5;1197.0;
5.0;15.0;1298.0;
3.0;13.5;1364.0;
5.0;11.333333;1481.0;
6.5;12.0;1546.0;
8.0;12.5;1623.0;
10.0;12.0;1724.0;
;
