UserID: 1
bowl;
null;
no;
4.0;13.0;0.0;
4.0;11.0;184.0;
4.0;10.0;245.0;
4.0;8.0;412.0;
10.0;9.0;912.0;
;
x;
zigzag;
no;
10.0;11.0;0.0;
10.0;8.5;116.0;
10.0;7.5;181.0;
7.0;6.0;368.0;
;
doubleSlope;
zigzag;
no;
7.0;6.0;0.0;
4.0;10.0;600.0;
5.0;9.0;718.0;
7.0;8.0;953.0;
10.0;7.0;1068.0;
;
bowl;
bowl;
yes;
5.0;6.0;0.0;
6.0;7.0;233.0;
7.0;8.0;417.0;
9.0;10.0;768.0;
8.0;12.0;1134.0;
;
slope;
zigzag;
no;
7.0;9.0;0.0;
9.0;8.0;133.0;
10.0;8.0;184.0;
;
doubleSlope;
zigzag;
no;
5.0;6.0;0.0;
7.0;7.0;299.0;
8.0;7.0;412.0;
10.0;8.0;830.0;
10.0;10.0;1196.0;
8.0;12.0;1479.0;
;
pigtail;
hat;
no;
3.0;10.0;0.0;
4.0;9.0;234.0;
5.0;9.0;417.0;
7.0;8.0;600.0;
;
pigtail;
zigzag;
no;
7.0;6.0;0.0;
8.0;7.0;234.0;
9.0;7.5;349.0;
8.0;9.0;717.0;
6.0;10.0;1084.0;
4.0;10.0;1317.0;
4.0;8.0;1850.0;
;
x;
c;
no;
6.0;7.0;0.0;
7.0;8.0;51.0;
;
leftAngle;
c;
no;
5.0;5.0;0.0;
7.0;5.0;116.0;
9.0;5.5;167.0;
7.0;7.0;518.0;
5.0;8.0;651.0;
7.0;9.0;951.0;
9.0;9.0;1000.0;
11.0;9.0;1069.0;
;
x;
z;
no;
4.0;10.0;0.0;
7.0;8.0;250.0;
7.0;7.0;314.0;
5.0;8.0;732.0;
7.0;9.0;898.0;
11.0;5.0;1133.0;
;
rightAngle;
zigzag;
no;
5.0;9.0;0.0;
8.0;7.0;301.0;
8.0;9.0;583.0;
11.0;8.0;769.0;
11.0;6.0;883.0;
;
z;
z;
yes;
4.0;7.0;0.0;
3.0;9.0;481.0;
4.0;11.0;731.0;
7.0;11.0;947.0;
7.0;9.0;1247.0;
8.0;11.0;1615.0;
11.0;11.0;1898.0;
11.0;9.0;2150.0;
;
x;
w;
no;
11.0;8.0;0.0;
10.0;6.0;234.0;
;
bowl;
w;
no;
4.0;9.0;0.0;
5.5;9.0;167.0;
6.0;9.0;234.0;
8.0;8.0;416.0;
7.0;6.0;717.0;
5.0;7.0;1067.0;
7.0;9.0;1551.0;
8.0;11.0;1902.0;
;
bowl;
x;
no;
7.0;12.0;0.0;
6.0;10.0;367.0;
6.0;10.0;431.0;
8.0;9.0;601.0;
10.0;8.0;784.0;
;
swipe;
hat;
no;
4.0;10.0;0.0;
5.0;9.0;201.0;
6.0;9.0;250.0;
7.0;7.5;484.0;
6.0;6.0;851.0;
5.0;8.0;1317.0;
6.5;9.0;1751.0;
7.0;10.5;2149.0;
5.0;10.0;2700.0;
7.0;9.0;2916.0;
9.0;8.0;3100.0;
;
pigtail;
pigtail;
yes;
5.0;9.0;0.0;
5.0;7.0;183.0;
5.0;6.5;234.0;
8.0;6.0;534.0;
10.0;6.0;598.0;
;
doubleSlope;
hat;
no;
8.0;8.0;0.0;
8.0;6.0;184.0;
8.0;6.0;249.0;
5.0;6.0;535.0;
3.0;6.0;652.0;
;
c;
bowl;
no;
6.0;6.0;0.0;
8.0;7.0;233.0;
8.0;7.0;300.0;
9.0;9.0;667.0;
7.0;10.0;834.0;
5.0;10.0;1181.0;
4.0;8.0;1615.0;
5.5;7.0;1914.0;
7.0;6.5;2031.0;
9.0;5.5;2198.0;
;
tab;
slope;
no;
5.0;5.0;0.0;
7.0;5.0;230.0;
8.0;6.0;347.0;
9.0;8.0;997.0;
8.0;10.0;1348.0;
4.0;10.0;1780.0;
3.0;8.5;2064.0;
5.0;8.0;2381.0;
7.0;8.0;2547.0;
;
bowl;
spiral;
no;
5.0;5.0;0.0;
6.0;5.5;184.0;
7.0;5.0;252.0;
9.0;6.0;420.0;
7.0;7.0;1088.0;
5.0;8.0;1252.0;
11.0;8.0;2207.0;
;
pigtail;
hat;
no;
5.0;9.0;0.0;
7.0;8.0;234.0;
9.0;7.0;350.0;
9.0;5.0;601.0;
7.0;5.0;882.0;
6.0;7.0;1299.0;
7.0;8.5;1548.0;
9.0;8.0;1781.0;
12.0;6.0;2015.0;
;
leftAngle;
pigtail;
no;
3.0;7.0;0.0;
3.0;9.0;547.0;
4.0;10.0;779.0;
6.0;9.5;1030.0;
8.0;10.0;1730.0;
9.5;9.0;2030.0;
10.0;7.5;2197.0;
;
tab;
w;
no;
10.0;6.0;0.0;
9.0;5.5;233.0;
;
bowl;
w;
no;
5.0;9.0;0.0;
7.0;8.0;167.0;
7.0;7.0;234.0;
8.0;9.0;1185.0;
10.0;5.0;1899.0;
;
