UserID: 9999999
null;
no;
4.0;13.0;0.0;
5.0;9.0;221.0;
6.5;8.0;283.0;
9.0;7.0;351.0;
11.0;7.0;402.0;
9.0;10.0;582.0;
7.0;11.0;633.0;
4.0;12.0;700.0;
3.0;14.0;816.0;
7.0;14.0;936.0;
9.0;15.0;994.0;
9.0;17.0;1114.0;
;
z;
no;
11.0;6.0;0.0;
9.0;5.5;3.0;
7.0;5.5;4.0;
5.5;6.0;4.0;
5.0;8.0;4.0;
6.5;9.0;4.0;
8.5;10.5;18.0;
9.5;12.5;156.0;
7.0;13.0;256.0;
3.0;11.0;1494.0;
6.0;5.0;1694.0;
8.5;4.5;1743.0;
10.0;5.0;1811.0;
11.0;7.0;1860.0;
11.0;10.0;1926.0;
11.0;13.0;1987.0;
11.0;15.0;2038.0;
;
slope;
no;
12.0;14.0;0.0;
10.5;13.5;400.0;
9.0;13.0;504.0;
7.5;12.0;650.0;
6.0;10.5;767.0;
4.0;9.5;884.0;
2.5;8.5;1000.0;
;
hat;
no;
5.0;7.5;0.0;
8.5;10.0;483.0;
8.5;10.0;535.0;
7.3333335;11.0;666.0;
8.0;8.5;1017.0;
6.0;8.5;1085.0;
5.5;7.0;1437.0;
7.0;8.2;1617.0;
8.333333;9.0;1733.0;
4.0;5.5;1968.0;
;
hat;
no;
5.0;16.5;0.0;
5.0;15.0;119.0;
4.5;11.5;235.0;
5.0;9.5;303.0;
6.5;8.0;418.0;
7.5;10.0;601.0;
9.0;12.5;718.0;
10.0;14.0;819.0;
12.0;13.5;951.0;
6.5;12.5;2069.0;
;
hat;
no;
12.0;16.0;0.0;
;
hat;
no;
6.0;6.0;0.0;
8.0;6.0;220.0;
8.5;6.0;287.0;
10.0;7.0;403.0;
10.0;9.0;521.0;
10.0;11.5;705.0;
9.0;13.0;819.0;
7.0;14.0;1002.0;
5.0;14.0;1122.0;
4.0;12.0;1292.0;
3.0;10.0;1475.0;
5.0;8.0;1711.0;
7.0;8.0;1895.0;
;
spiral;
no;
6.5;8.0;0.0;
8.0;8.0;182.0;
9.0;7.0;235.0;
9.0;5.0;487.0;
7.5;5.5;722.0;
7.0;7.0;837.0;
9.0;9.0;1074.0;
10.0;11.0;1254.0;
9.5;12.5;1371.0;
8.0;13.0;1555.0;
6.0;13.0;1738.0;
6.0;11.0;1905.0;
7.5;10.0;2023.0;
9.5;9.0;2137.0;
;
doubleSlope;
no;
4.5;8.0;0.0;
4.0;10.0;176.0;
4.5;10.0;243.0;
5.0;12.0;426.0;
7.0;12.0;660.0;
7.5;10.5;844.0;
8.0;8.0;1011.0;
8.0;10.0;1243.0;
8.0;12.0;1374.0;
9.5;13.0;1559.0;
11.0;12.0;1724.0;
11.5;10.0;1841.0;
11.0;8.0;2025.0;
;
w;
no;
5.0;16.0;0.0;
4.0;13.0;417.0;
4.0;12.5;483.0;
6.0;13.0;783.0;
6.0;11.0;1367.0;
6.5;9.0;1552.0;
7.0;7.5;1735.0;
8.5;6.5;1965.0;
9.0;8.0;2133.0;
9.0;10.5;2382.0;
9.0;12.5;2568.0;
9.0;14.5;2798.0;
10.0;13.0;3149.0;
12.0;13.0;3331.0;
;
spiral;
no;
12.0;17.0;0.0;
;
spiral;
no;
5.0;16.0;0.0;
4.0;15.0;183.0;
4.0;13.0;417.0;
5.0;11.5;650.0;
6.0;13.0;1016.0;
6.0;10.5;1416.0;
6.0;8.5;1600.0;
7.0;7.0;1783.0;
8.5;7.5;2035.0;
9.5;9.0;2136.0;
10.0;11.0;2266.0;
9.5;12.5;2387.0;
11.5;12.0;2969.0;
12.0;14.0;3153.0;
12.0;16.0;3272.0;
10.5;17.0;3456.0;
9.0;16.5;3573.0;
;
z;
no;
7.5;9.5;0.0;
;
z;
no;
5.0;15.0;0.0;
4.0;14.0;299.0;
4.0;13.0;368.0;
6.0;12.0;651.0;
7.0;13.5;883.0;
7.0;11.0;1434.0;
7.0;9.0;1617.0;
7.5;7.0;1784.0;
9.0;6.5;2081.0;
9.5;8.0;2269.0;
9.0;9.5;2452.0;
9.0;11.5;2633.0;
9.0;13.5;2849.0;
9.5;12.0;3333.0;
12.0;12.0;3449.0;
;
hat;
yes;
12.0;17.0;0.0;
10.5;16.5;117.0;
10.0;16.5;183.0;
;
