UserID: 2
null;
no;
4.5;15.0;0.0;
4.5;13.5;25.0;
4.5;13.333333;109.0;
4.5;11.5;460.0;
4.5;9.5;473.0;
4.0;8.0;504.0;
6.0;7.5;845.0;
8.5;8.0;847.0;
10.5;8.0;847.0;
;
rightAngle;
no;
12.0;16.0;0.0;
12.0;14.5;90.0;
12.0;14.0;328.0;
12.0;12.0;329.0;
12.0;10.0;353.0;
11.5;6.5;681.0;
9.0;7.5;681.0;
6.5;7.0;748.0;
4.5;6.5;1025.0;
;
leftAngle;
no;
4.5;6.5;0.0;
6.0;7.0;2.0;
7.5;7.5;2.0;
9.0;8.5;2.0;
9.5;10.0;19.0;
11.0;10.5;68.0;
9.5;12.5;343.0;
7.3333335;14.0;343.0;
5.5;13.5;360.0;
4.0;13.0;660.0;
3.0;11.5;661.0;
4.5;10.0;662.0;
6.0;8.5;662.0;
7.5;8.0;728.0;
10.0;8.0;1041.0;
;
slope;
no;
4.5;5.5;0.0;
6.5;5.5;337.0;
8.5;6.5;337.0;
10.5;8.0;337.0;
10.5;10.0;675.0;
8.5;12.0;676.0;
6.5;12.0;726.0;
3.5;10.5;1014.0;
2.5;8.5;1015.0;
4.0;7.5;1083.0;
7.0;7.5;1393.0;
;
spiral;
no;
4.5;5.5;0.0;
7.25;6.0;5.0;
10.0;6.0;6.0;
10.5;7.5;6.0;
10.0;9.0;337.0;
8.5;10.666667;337.0;
6.5;11.5;338.0;
6.0;13.0;338.0;
4.5;12.5;403.0;
6.0;14.0;715.0;
8.0;14.0;715.0;
10.0;14.5;750.0;
;
z;
no;
5.0;15.0;0.0;
6.0;14.5;36.0;
7.0;14.0;284.0;
9.0;11.5;284.0;
6.5;9.5;335.0;
4.5;10.5;627.0;
2.5;11.0;629.0;
3.5;12.5;630.0;
6.0;12.5;647.0;
8.0;12.0;695.0;
10.0;9.5;1015.0;
10.5;8.0;1016.0;
12.0;7.0;1016.0;
;
pigtail;
no;
2.5;9.0;0.0;
1.5;10.5;2.0;
1.5;11.5;2.0;
2.0;13.0;35.0;
4.5;14.5;305.0;
7.0;13.0;306.0;
7.5;11.5;324.0;
9.0;13.5;1097.0;
11.0;13.5;1098.0;
11.5;11.5;1160.0;
10.666667;10.0;1416.0;
11.5;8.75;1418.0;
12.0;7.0;1451.0;
;
w;
no;
2.0;10.0;0.0;
3.5;10.5;6.0;
5.0;11.0;8.0;
8.0;12.0;8.0;
10.5;12.0;17.0;
11.0;10.5;140.0;
9.0;8.5;383.0;
7.0;9.5;718.0;
8.0;10.833333;735.0;
6.5;12.5;1044.0;
4.0;16.0;1044.0;
1.0;14.0;1476.0;
3.0;12.5;1477.0;
5.0;13.0;1477.0;
7.0;13.0;1477.0;
10.5;13.0;1492.0;
;
doubleSlope;
no;
3.5;16.5;0.0;
4.0;15.5;23.0;
4.5;13.5;90.0;
4.0;12.0;443.0;
4.0;10.0;444.0;
6.0;9.0;781.0;
8.5;7.5;782.0;
9.8;9.0;782.0;
;
rightAngle;
no;
10.0;16.5;0.0;
10.5;15.0;18.0;
10.5;13.5;53.0;
10.5;11.5;322.0;
11.5;9.5;394.0;
9.5;8.5;762.0;
7.0;8.0;762.0;
5.75;6.5;779.0;
2.0;6.5;846.0;
;
leftAngle;
no;
4.5;6.0;0.0;
6.5;6.0;109.0;
8.0;7.0;357.0;
10.0;9.0;357.0;
9.5;10.5;410.0;
8.0;14.0;807.0;
5.5;15.0;807.0;
3.0;14.0;807.0;
2.5;12.0;825.0;
4.0;10.5;1147.0;
8.0;9.0;1147.0;
10.5;8.5;1147.0;
;
slope;
no;
4.5;5.5;0.0;
6.5;6.5;3.0;
9.0;7.0;4.0;
10.5;8.5;4.0;
9.5;9.75;371.0;
6.5;14.0;371.0;
2.5;14.0;372.0;
0.5;12.5;747.0;
0.0;10.5;748.0;
1.5;9.5;748.0;
3.5;9.5;748.0;
6.0;9.5;1128.0;
;
spiral;
no;
2.0;5.5;0.0;
3.5;5.5;170.0;
5.5;6.0;170.0;
10.0;6.5;240.0;
12.0;7.0;596.0;
10.5;8.0;596.0;
8.5;10.5;1030.0;
6.5;12.5;1031.0;
4.5;13.5;1031.0;
2.5;14.0;1031.0;
4.0;14.5;1065.0;
6.0;14.5;1339.0;
7.5;14.0;1339.0;
9.5;14.0;1340.0;
11.5;14.0;1340.0;
;
z;
no;
3.5;14.0;0.0;
6.0;13.0;8.0;
7.5;13.0;70.0;
8.5;10.75;410.0;
6.3333335;9.0;411.0;
5.0;10.0;493.0;
7.5;11.5;778.0;
9.0;11.0;778.0;
10.5;10.2;1135.0;
11.5;8.0;1136.0;
;
pigtail;
no;
2.0;7.5;0.0;
1.5;8.5;17.0;
1.0;9.0;98.0;
1.5;11.666667;380.0;
2.0;13.5;380.0;
4.5;14.0;380.0;
6.5;13.0;380.0;
7.0;11.0;431.0;
8.0;13.5;1113.0;
10.0;13.5;1113.0;
11.5;12.5;1114.0;
12.0;7.0;1484.0;
;
leftAngle;
yes;
2.0;10.0;0.0;
4.5;11.0;344.0;
7.0;11.5;344.0;
9.5;11.5;344.0;
11.5;10.5;349.0;
12.0;9.0;411.0;
11.0;7.0;706.0;
9.0;6.5;707.0;
7.5;7.0;707.0;
6.5;9.0;773.0;
7.0;10.5;1092.0;
8.0;12.25;1092.0;
8.0;15.0;1126.0;
5.5;16.0;1425.0;
3.0;15.0;1426.0;
4.0;13.0;1477.0;
5.5;12.5;1593.0;
7.5;12.0;1798.0;
9.0;12.5;1799.0;
10.666667;13.0;1799.0;
;
doubleSlope;
no;
4.0;15.0;0.0;
4.5;14.0;4.0;
4.5;13.5;4.0;
4.5;11.5;371.0;
4.0;9.5;372.0;
4.0;7.6666665;482.0;
7.0;7.5;737.0;
9.0;7.5;772.0;
;
rightAngle;
no;
10.5;14.5;0.0;
10.5;13.0;391.0;
10.5;11.333333;391.0;
10.0;9.0;392.0;
10.5;7.5;392.0;
8.5;5.75;744.0;
5.0;5.0;745.0;
3.5;5.5;745.0;
2.0;5.0;761.0;
;
leftAngle;
no;
4.5;6.0;0.0;
5.0;7.0;372.0;
6.0;7.6666665;373.0;
9.0;9.5;373.0;
10.5;10.5;373.0;
9.5;12.0;721.0;
8.5;14.0;722.0;
5.0;14.0;771.0;
3.5;13.0;1096.0;
4.0;11.333333;1096.0;
5.0;10.0;1129.0;
8.5;8.0;1429.0;
10.5;8.0;1430.0;
11.5;6.5;1430.0;
;
slope;
yes;
4.0;6.5;0.0;
5.5;6.5;2.0;
8.0;7.0;3.0;
9.5;8.0;4.0;
11.0;9.0;69.0;
9.0;13.5;366.0;
7.5;14.0;425.0;
6.0;14.5;712.0;
4.0;14.0;713.0;
2.0;14.0;713.0;
1.5;11.5;731.0;
3.0;10.0;1060.0;
5.0;10.0;1061.0;
6.5;9.5;1061.0;
;
spiral;
no;
2.0;6.5;0.0;
3.0;6.0;2.0;
5.5;6.5;61.0;
8.0;7.0;410.0;
10.0;8.0;410.0;
9.5;9.8;478.0;
7.75;10.75;862.0;
2.5;15.0;862.0;
5.0;14.5;892.0;
7.5;14.5;944.0;
11.0;14.5;1284.0;
;
z;
no;
4.5;15.0;0.0;
7.0;14.0;6.0;
8.0;13.0;6.0;
8.5;11.5;56.0;
8.0;8.5;372.0;
6.3333335;9.0;373.0;
5.0;10.0;798.0;
6.5;12.0;798.0;
9.0;11.0;833.0;
10.666667;9.0;1109.0;
;
leftAngle;
no;
2.0;6.0;0.0;
2.5;7.5;324.0;
2.5;7.5;376.0;
2.5;9.5;690.0;
2.5;11.5;729.0;
3.5;14.0;795.0;
5.5;14.0;1048.0;
7.5;13.5;1048.0;
8.5;11.0;1443.0;
9.0;12.5;1845.0;
11.5;12.0;1846.0;
;
leftAngle;
no;
3.5;9.5;0.0;
5.0;10.0;7.0;
7.0;10.5;7.0;
9.5;10.0;18.0;
11.5;10.5;67.0;
12.0;9.0;334.0;
11.0;7.0;334.0;
9.0;7.0;368.0;
7.5;8.5;430.0;
6.5;10.0;673.0;
8.0;12.0;674.0;
7.5;16.0;1004.0;
3.5;16.0;1004.0;
4.0;12.0;1328.0;
8.5;12.5;1328.0;
10.666667;13.0;1329.0;
;
