UserID: 2
null;
no;
6.0;15.0;0.0;
5.5;13.5;171.0;
5.5;12.333333;242.0;
6.0;10.5;370.0;
7.5;9.0;544.0;
11.0;8.5;643.0;
;
rightAngle;
no;
10.0;14.0;0.0;
9.5;13.0;111.0;
9.5;11.5;215.0;
9.5;9.5;373.0;
7.5;8.0;477.0;
5.5;8.0;591.0;
3.5;8.0;708.0;
;
leftAngle;
no;
5.5;8.5;0.0;
7.5;9.0;70.0;
8.5;9.5;120.0;
10.0;9.25;202.0;
10.5;10.666667;236.0;
4.0;12.0;662.0;
6.5;10.5;716.0;
9.0;9.0;825.0;
10.5;8.0;825.0;
;
slope;
no;
3.5;9.5;0.0;
6.0;9.5;52.0;
7.5;9.5;105.0;
9.5;10.0;173.0;
8.5;14.0;397.0;
4.5;15.0;560.0;
3.0;14.0;577.0;
2.0;12.0;643.0;
3.5;10.5;758.0;
5.0;11.0;825.0;
;
spiral;
no;
2.5;8.0;0.0;
5.5;8.5;75.0;
8.5;8.5;108.0;
10.0;8.666667;177.0;
8.5;10.0;287.0;
6.0;11.5;477.0;
4.5;13.5;654.0;
5.0;15.0;878.0;
7.0;14.0;945.0;
8.5;15.0;1012.0;
10.5;15.5;1065.0;
;
z;
no;
4.5;14.0;0.0;
6.5;13.0;69.0;
8.0;12.0;151.0;
7.5;10.5;169.0;
5.0;11.0;298.0;
4.0;12.5;433.0;
7.0;12.5;536.0;
8.5;11.5;599.0;
10.0;10.666667;650.0;
10.5;8.75;778.0;
;
pigtail;
no;
0.5;10.0;0.0;
1.0;11.5;115.0;
1.5;13.0;182.0;
2.0;15.0;263.0;
4.5;14.0;363.0;
5.5;12.0;432.0;
6.5;10.5;484.0;
6.0;12.0;650.0;
8.0;12.5;768.0;
10.0;13.0;952.0;
10.5;11.5;1060.0;
11.0;10.0;1253.0;
;
w;
no;
3.0;12.0;0.0;
5.0;12.5;120.0;
6.5;12.5;214.0;
9.5;11.5;231.0;
11.0;10.5;298.0;
9.5;8.5;415.0;
8.0;9.0;462.0;
7.0;10.5;582.0;
8.0;12.666667;701.0;
7.0;17.0;897.0;
5.0;17.0;943.0;
2.0;14.0;1121.0;
4.0;13.5;1278.0;
5.5;12.5;1298.0;
7.5;13.0;1363.0;
;
doubleSlope;
no;
4.5;15.0;0.0;
3.5;13.5;56.0;
3.5;13.0;181.0;
3.5;11.0;345.0;
5.0;9.0;485.0;
6.5;9.5;539.0;
8.0;8.5;641.0;
9.5;9.5;644.0;
;
rightAngle;
no;
9.0;16.5;0.0;
9.0;14.0;130.0;
8.5;13.0;195.0;
9.5;11.75;319.0;
9.0;10.25;398.0;
8.0;9.0;481.0;
6.0;8.5;666.0;
4.4;8.5;731.0;
;
leftAngle;
no;
5.5;9.5;0.0;
7.5;10.0;51.0;
8.0;11.0;105.0;
9.5;14.0;175.0;
6.0;17.0;351.0;
3.5;15.0;490.0;
3.0;13.0;591.0;
5.0;11.5;643.0;
8.5;10.0;694.0;
11.5;9.5;793.0;
;
slope;
yes;
3.0;9.5;0.0;
5.0;9.0;65.0;
6.0;9.5;133.0;
9.0;10.0;239.0;
10.0;11.5;364.0;
9.5;14.0;510.0;
8.0;17.0;545.0;
6.0;17.0;595.0;
1.5;15.0;782.0;
1.5;13.0;891.0;
4.0;11.5;1010.0;
;
spiral;
no;
2.5;9.0;0.0;
5.0;8.5;69.0;
7.0;9.0;167.0;
9.5;10.0;185.0;
7.5;11.5;487.0;
5.0;13.5;591.0;
3.5;14.0;662.0;
3.0;16.0;712.0;
4.5;15.5;887.0;
7.0;14.5;1002.0;
9.0;14.5;1069.0;
10.5;15.0;1291.0;
;
z;
no;
3.0;16.0;0.0;
5.0;15.5;85.0;
6.0;15.0;162.0;
7.5;14.5;197.0;
8.5;13.0;264.0;
8.5;11.4;388.0;
8.0;9.5;481.0;
6.5;9.0;565.0;
5.0;10.25;734.0;
4.5;11.666667;850.0;
6.0;12.0;947.0;
7.5;12.5;980.0;
9.0;12.0;1107.0;
10.0;10.5;1140.0;
10.5;9.0;1210.0;
12.0;10.0;1272.0;
;
pigtail;
no;
2.0;9.5;0.0;
1.0;10.0;186.0;
1.0;11.0;334.0;
2.0;12.25;352.0;
2.5;15.0;418.0;
4.5;15.0;496.0;
5.5;13.5;632.0;
6.5;11.5;719.0;
6.0;10.0;902.0;
6.0;12.5;1006.0;
9.0;13.5;1197.0;
10.5;12.0;1436.0;
11.0;8.5;1551.0;
;
w;
no;
1.5;11.0;0.0;
3.25;12.5;133.0;
5.0;12.0;166.0;
7.0;12.5;235.0;
9.5;12.0;361.0;
10.666667;10.333333;486.0;
11.5;8.333333;616.0;
10.5;7.0;650.0;
8.75;7.6666665;776.0;
6.5;7.5;931.0;
7.5;10.5;1069.0;
8.5;13.666667;1375.0;
8.5;15.5;1429.0;
7.5;14.0;1476.0;
2.0;15.5;1722.0;
3.5;13.5;1856.0;
5.0;13.0;1907.0;
7.5;11.25;1959.0;
8.5;12.5;2029.0;
10.0;13.0;2168.0;
;
doubleSlope;
no;
3.0;14.0;0.0;
3.0;11.5;182.0;
3.0;9.666667;259.0;
4.5;8.4;560.0;
6.0;8.0;621.0;
8.0;8.0;662.0;
10.0;7.0;959.0;
;
rightAngle;
no;
8.5;16.5;0.0;
8.5;15.0;169.0;
8.5;14.0;253.0;
9.0;12.0;409.0;
7.5;9.333333;882.0;
5.5;9.0;932.0;
4.0;9.5;1056.0;
2.0;9.0;1232.0;
;
leftAngle;
no;
3.0;7.5;0.0;
4.0;8.5;51.0;
5.5;9.0;124.0;
7.0;9.5;179.0;
8.5;10.5;304.0;
9.5;12.0;479.0;
9.0;16.0;608.0;
7.5;17.0;659.0;
5.5;16.5;713.0;
4.0;16.0;773.0;
2.5;15.0;921.0;
3.0;13.5;1008.0;
5.0;11.5;1138.0;
7.25;10.75;1255.0;
9.0;10.0;1307.0;
;
slope;
no;
3.5;7.5;0.0;
5.5;8.0;19.0;
8.0;8.0;85.0;
10.0;9.0;198.0;
11.0;11.5;377.0;
11.5;13.5;495.0;
11.0;16.0;545.0;
9.0;16.0;616.0;
3.0;15.0;804.0;
1.5;12.0;914.0;
3.5;11.0;1031.0;
6.0;11.5;1139.0;
;
spiral;
no;
2.5;7.5;0.0;
4.0;7.5;101.0;
5.5;7.5;135.0;
7.5;8.0;186.0;
10.5;8.0;299.0;
9.0;9.0;555.0;
7.5;10.5;605.0;
5.5;13.5;724.0;
4.5;16.5;1082.0;
7.5;16.5;1214.0;
10.0;16.5;1264.0;
;
z;
no;
4.0;16.0;0.0;
5.5;14.5;123.0;
7.0;14.0;190.0;
8.5;13.0;299.0;
7.5;10.5;428.0;
5.0;10.0;538.0;
4.0;12.5;728.0;
6.0;13.5;858.0;
7.6666665;12.0;960.0;
9.5;11.5;1029.0;
10.0;10.0;1082.0;
10.0;8.0;1174.0;
;
pigtail;
no;
0.5;11.0;0.0;
1.0;12.25;176.0;
2.0;12.8;233.0;
3.0;15.0;351.0;
5.5;14.5;418.0;
6.0;12.5;657.0;
7.5;13.5;797.0;
9.0;14.5;963.0;
10.0;12.5;1066.0;
10.5;11.0;1181.0;
11.0;8.5;1422.0;
;
w;
no;
2.5;10.0;0.0;
3.5;10.5;69.0;
5.0;10.5;135.0;
7.0;11.5;281.0;
9.0;11.5;305.0;
10.0;10.0;367.0;
10.5;8.0;601.0;
7.5;7.5;716.0;
6.0;9.0;865.0;
7.0;11.0;1081.0;
7.5;12.5;1329.0;
7.5;14.666667;1362.0;
6.0;17.0;1429.0;
2.0;15.0;1626.0;
3.0;13.5;1793.0;
4.5;14.0;1845.0;
6.8;13.0;1963.0;
11.0;12.5;2090.0;
;
