UserID: 2
null;
no;
3.0;13.0;0.0;
2.5;11.333333;135.0;
3.0;10.75;201.0;
3.5;8.0;255.0;
7.0;8.0;658.0;
10.5;8.0;845.0;
;
rightAngle;
no;
9.0;15.0;0.0;
9.5;12.5;178.0;
10.0;12.0;244.0;
9.0;8.5;430.0;
7.5;7.0;651.0;
4.0;7.0;778.0;
0.5;6.5;1008.0;
;
leftAngle;
no;
4.5;6.5;0.0;
6.5;8.5;110.0;
8.5;9.0;129.0;
10.0;11.5;272.0;
1.5;12.5;654.0;
2.0;10.0;727.0;
4.5;9.5;778.0;
7.5;8.5;856.0;
9.0;7.5;893.0;
10.5;7.0;958.0;
;
slope;
no;
5.5;7.5;0.0;
8.5;9.0;66.0;
10.0;9.5;144.0;
10.0;13.0;245.0;
0.5;10.0;658.0;
3.0;8.0;724.0;
5.0;8.5;780.0;
7.0;8.5;832.0;
;
spiral;
no;
2.5;7.0;0.0;
4.0;7.5;33.0;
8.0;8.0;85.0;
9.5;8.5;197.0;
8.0;9.5;337.0;
6.0;10.0;392.0;
5.0;12.0;439.0;
3.5;13.5;494.0;
2.0;15.0;561.0;
4.5;14.5;795.0;
9.0;14.0;858.0;
;
z;
no;
4.5;13.0;0.0;
5.5;12.0;51.0;
6.0;9.0;136.0;
7.0;7.0;242.0;
2.5;6.5;349.0;
0.5;7.5;449.0;
1.5;10.0;533.0;
5.5;10.5;645.0;
7.6666665;9.0;711.0;
10.0;8.5;767.0;
11.5;6.0;945.0;
;
pigtail;
no;
3.5;13.0;0.0;
4.5;12.0;47.0;
5.0;10.0;120.0;
5.5;8.5;275.0;
5.0;11.5;361.0;
5.5;13.0;416.0;
7.0;14.0;469.0;
9.5;13.0;582.0;
10.5;11.333333;711.0;
10.0;8.0;776.0;
11.5;6.5;890.0;
;
leftAngle;
yes;
1.5;10.0;0.0;
3.5;9.5;129.0;
6.0;10.0;177.0;
8.5;9.5;258.0;
10.5;8.5;289.0;
8.0;8.0;418.0;
5.5;7.5;479.0;
5.0;9.0;553.0;
6.5;11.5;655.0;
7.5;14.0;709.0;
3.5;11.5;1191.0;
5.5;11.5;1256.0;
8.5;12.0;1339.0;
;
z;
yes;
2.0;13.5;0.0;
2.5;11.5;112.0;
3.0;10.5;153.0;
2.5;7.5;265.0;
5.0;7.0;510.0;
9.0;7.5;635.0;
;
rightAngle;
yes;
10.0;15.5;0.0;
10.5;14.0;49.0;
9.5;13.5;116.0;
10.5;12.0;248.0;
10.0;10.0;351.0;
9.5;8.0;471.0;
6.5;8.0;668.0;
3.3333333;8.333333;769.0;
;
leftAngle;
no;
4.0;8.0;0.0;
6.0;8.5;69.0;
7.0;9.5;142.0;
9.0;14.0;314.0;
7.5;17.0;464.0;
2.0;14.0;718.0;
2.5;12.5;786.0;
3.5;11.0;837.0;
5.5;10.0;935.0;
9.0;9.5;953.0;
10.5;7.5;1384.0;
;
slope;
yes;
3.0;7.0;0.0;
4.5;7.0;67.0;
7.5;8.0;136.0;
9.5;9.5;237.0;
9.5;11.25;306.0;
1.0;10.0;834.0;
3.5;9.5;901.0;
5.0;10.0;954.0;
;
spiral;
no;
1.0;7.0;0.0;
2.5;7.0;69.0;
4.0;7.5;137.0;
7.0;8.0;186.0;
9.5;8.0;304.0;
8.5;9.5;420.0;
6.5;11.0;560.0;
5.5;13.0;594.0;
2.5;15.0;828.0;
4.5;15.0;956.0;
8.0;15.0;1079.0;
10.5;15.0;1187.0;
;
z;
no;
0.0;15.0;0.0;
4.0;13.0;153.0;
6.0;11.5;220.0;
5.5;9.5;342.0;
3.0;9.0;456.0;
2.0;10.5;639.0;
4.5;11.5;780.0;
6.0;10.5;815.0;
8.0;10.0;882.0;
9.5;9.333333;947.0;
10.0;7.5;1225.0;
;
pigtail;
no;
0.5;10.5;0.0;
0.5;12.5;115.0;
3.5;15.0;286.0;
5.5;13.5;420.0;
6.0;11.5;471.0;
6.0;13.5;756.0;
7.5;14.5;886.0;
9.5;13.0;1000.0;
10.5;11.333333;1052.0;
11.0;9.5;1167.0;
10.0;7.5;1361.0;
;
w;
no;
1.0;10.0;0.0;
3.5;10.5;117.0;
6.0;11.0;182.0;
8.0;11.0;253.0;
10.0;9.5;437.0;
9.5;8.0;550.0;
7.5;7.5;601.0;
6.5;9.0;727.0;
6.5;11.0;858.0;
7.0;13.0;960.0;
7.0;17.0;1012.0;
2.0;13.5;1371.0;
4.5;12.5;1493.0;
7.0;12.0;1588.0;
9.0;12.5;1606.0;
;
doubleSlope;
no;
2.0;15.0;0.0;
2.0;13.5;110.0;
1.5;13.5;176.0;
2.5;12.0;256.0;
3.0;9.5;340.0;
4.0;8.0;637.0;
6.0;8.0;766.0;
8.0;8.0;767.0;
;
rightAngle;
no;
8.0;14.5;0.0;
8.5;13.5;33.0;
8.5;13.0;102.0;
9.0;11.333333;305.0;
8.0;10.0;458.0;
7.5;8.0;530.0;
5.6666665;8.5;637.0;
3.3333333;8.5;786.0;
;
leftAngle;
no;
3.0;7.0;0.0;
5.5;8.5;124.0;
6.5;8.5;176.0;
8.0;9.0;247.0;
8.0;10.6;349.0;
8.5;12.5;422.0;
4.0;16.0;599.0;
2.0;15.0;652.0;
2.5;11.5;833.0;
4.5;10.5;901.0;
6.5;10.0;958.0;
9.0;9.0;1011.0;
;
spiral;
no;
3.0;7.5;0.0;
6.0;8.5;139.0;
8.0;8.5;197.0;
8.0;10.5;303.0;
7.5;12.0;427.0;
5.0;15.0;478.0;
3.0;15.0;545.0;
0.0;13.0;666.0;
1.0;10.0;772.0;
4.5;9.5;908.0;
;
spiral;
no;
5.0;6.0;0.0;
8.0;6.0;65.0;
10.0;6.0;134.0;
8.0;9.0;299.0;
5.5;11.5;369.0;
4.0;13.0;457.0;
7.5;14.5;717.0;
10.0;14.5;767.0;
;
z;
yes;
2.0;14.0;0.0;
4.0;12.5;89.0;
6.5;12.0;107.0;
7.5;10.5;174.0;
6.0;8.5;251.0;
4.5;9.0;286.0;
2.5;8.5;354.0;
3.0;11.5;584.0;
5.5;11.5;650.0;
8.5;10.5;757.0;
10.0;8.0;821.0;
10.5;6.5;1202.0;
;
pigtail;
no;
1.5;9.5;0.0;
1.0;10.5;48.0;
0.5;11.0;138.0;
1.5;13.5;307.0;
4.0;13.5;408.0;
6.0;11.5;521.0;
6.5;14.5;876.0;
8.5;13.5;1030.0;
10.0;12.5;1115.0;
11.5;10.5;1302.0;
11.0;8.5;1467.0;
;
w;
no;
1.0;10.0;0.0;
2.0;10.5;79.0;
4.0;11.0;115.0;
6.5;11.5;181.0;
8.5;12.0;249.0;
10.5;10.0;352.0;
9.0;8.5;471.0;
6.5;8.0;569.0;
5.5;10.0;653.0;
6.0;13.5;764.0;
7.0;11.0;833.0;
3.5;10.5;1250.0;
5.5;11.5;1303.0;
7.5;12.0;1357.0;
9.5;11.0;1426.0;
;
