UserID: 2
null;
no;
4.0;13.5;0.0;
4.0;12.0;3.0;
4.5;11.0;79.0;
3.5;9.5;80.0;
3.5;7.5;406.0;
5.5;7.5;442.0;
9.0;7.5;778.0;
10.5;7.0;779.0;
;
rightAngle;
no;
11.0;12.0;0.0;
11.0;10.5;34.0;
11.5;9.5;90.0;
11.0;7.5;279.0;
11.5;5.5;281.0;
9.0;5.5;677.0;
6.5;5.5;677.0;
4.5;5.5;677.0;
2.3333333;5.5;1001.0;
;
leftAngle;
no;
3.5;7.5;0.0;
5.5;8.5;66.0;
7.5;9.5;120.0;
8.5;11.0;370.0;
9.5;12.5;370.0;
5.0;16.0;406.0;
3.0;13.0;741.0;
4.5;11.5;741.0;
6.5;9.5;742.0;
8.5;8.5;742.0;
10.5;7.5;759.0;
11.5;6.0;1110.0;
;
slope;
no;
4.5;6.5;0.0;
6.0;6.5;3.0;
7.5;6.5;4.0;
9.5;7.5;4.0;
9.5;9.5;4.0;
10.5;11.5;5.0;
11.0;13.0;69.0;
10.0;15.0;143.0;
9.5;16.5;387.0;
5.5;16.5;388.0;
4.5;15.0;422.0;
3.5;13.0;795.0;
3.5;11.0;796.0;
5.5;9.5;796.0;
7.5;9.5;846.0;
;
spiral;
no;
3.0;7.0;0.0;
5.0;7.5;3.0;
8.0;7.5;3.0;
7.5;10.0;326.0;
6.0;12.0;327.0;
2.0;15.0;327.0;
4.0;14.5;472.0;
6.0;14.0;672.0;
9.0;14.0;672.0;
11.5;14.5;672.0;
;
leftAngle;
no;
5.5;13.0;0.0;
6.5;11.5;66.0;
7.5;10.0;364.0;
8.5;8.0;365.0;
8.0;6.5;365.0;
5.5;7.0;366.0;
4.0;8.5;414.0;
3.0;10.0;740.0;
3.0;12.0;740.0;
6.5;11.5;740.0;
8.5;10.0;741.0;
10.0;8.0;773.0;
;
pigtail;
yes;
2.5;13.0;0.0;
3.0;16.0;84.0;
4.5;15.5;337.0;
5.5;14.0;338.0;
7.0;12.5;338.0;
6.5;14.5;698.0;
9.0;15.5;701.0;
10.5;14.0;701.0;
11.5;12.0;749.0;
12.0;7.0;1040.0;
;
w;
no;
4.0;11.0;0.0;
6.0;10.5;342.0;
7.5;11.0;343.0;
9.0;10.0;343.0;
11.0;9.0;343.0;
9.0;4.0;660.0;
6.5;7.0;661.0;
6.0;9.5;723.0;
6.5;11.5;1084.0;
7.5;14.0;1084.0;
7.5;16.0;1085.0;
4.5;17.0;1085.0;
2.0;14.0;1137.0;
4.0;12.5;1425.0;
8.5;12.5;1425.0;
10.666667;13.0;1425.0;
;
doubleSlope;
no;
4.5;12.0;0.0;
5.0;11.0;10.0;
4.5;9.5;13.0;
4.0;6.0;225.0;
7.5;5.5;557.0;
10.0;5.5;558.0;
12.0;5.5;558.0;
;
rightAngle;
no;
9.5;13.0;0.0;
10.0;11.5;3.0;
9.5;10.0;3.0;
9.5;8.0;35.0;
9.5;6.0;275.0;
7.5;5.5;416.0;
4.5;5.5;655.0;
3.0;5.0;655.0;
;
leftAngle;
yes;
5.0;7.0;0.0;
6.0;8.5;132.0;
7.5;9.0;435.0;
9.0;11.0;435.0;
9.5;12.5;435.0;
9.5;14.5;435.0;
8.5;16.5;435.0;
6.5;17.0;488.0;
4.0;15.0;803.0;
5.5;11.5;803.0;
7.0;10.5;804.0;
9.0;9.0;839.0;
11.0;7.0;904.0;
;
slope;
no;
6.5;6.5;0.0;
8.5;6.5;2.0;
9.5;8.0;3.0;
10.5;10.5;23.0;
10.5;15.5;229.0;
8.0;17.0;253.0;
4.5;15.0;609.0;
2.0;12.0;610.0;
1.5;10.0;612.0;
3.0;9.5;612.0;
6.5;10.5;753.0;
;
spiral;
no;
3.0;7.0;0.0;
4.5;7.5;2.0;
7.5;7.5;3.0;
10.5;7.5;3.0;
8.0;10.5;104.0;
6.5;12.5;296.0;
4.0;15.5;297.0;
5.5;17.0;674.0;
8.666667;16.5;674.0;
;
z;
no;
5.5;12.5;0.0;
7.0;11.0;304.0;
7.5;9.5;305.0;
5.5;8.0;305.0;
3.0;10.0;378.0;
2.5;12.5;684.0;
6.5;11.5;684.0;
9.0;10.5;684.0;
10.0;8.5;702.0;
12.0;6.0;800.0;
;
pigtail;
no;
3.0;10.0;0.0;
3.5;16.5;302.0;
5.0;14.5;303.0;
6.0;13.0;303.0;
7.0;10.5;369.0;
8.0;13.5;685.0;
8.5;15.0;687.0;
;
leftAngle;
no;
1.0;9.0;0.0;
1.0;10.5;2.0;
1.0;12.5;16.0;
2.5;15.5;268.0;
4.5;16.0;268.0;
6.0;13.5;319.0;
8.0;12.0;617.0;
7.5;10.0;617.0;
7.5;12.5;617.0;
8.5;14.5;985.0;
10.0;12.5;985.0;
11.5;10.5;985.0;
12.0;6.5;1325.0;
;
w;
no;
2.5;11.0;0.0;
3.5;11.5;2.0;
5.0;10.5;2.0;
6.6666665;10.5;3.0;
9.0;9.5;17.0;
10.5;7.5;332.0;
11.5;6.0;332.0;
9.0;4.0;332.0;
7.0;4.0;384.0;
6.0;6.0;650.0;
5.5;7.5;651.0;
6.0;9.5;651.0;
6.5;11.5;651.0;
6.5;13.5;685.0;
7.0;15.5;950.0;
2.0;13.0;1331.0;
3.5;11.5;1331.0;
7.0;12.0;1331.0;
10.0;11.0;1384.0;
11.5;10.0;1662.0;
;
doubleSlope;
no;
4.0;12.0;0.0;
3.5;10.5;6.0;
3.5;8.0;8.0;
3.5;5.5;8.0;
5.6666665;4.5;316.0;
9.0;4.5;608.0;
10.666667;5.5;613.0;
;
rightAngle;
no;
10.5;13.5;0.0;
10.5;11.5;8.0;
10.5;9.5;48.0;
11.0;7.6666665;289.0;
9.5;6.5;356.0;
8.0;7.5;647.0;
5.0;7.5;647.0;
;
leftAngle;
no;
4.0;7.5;0.0;
5.5;8.5;49.0;
6.0;9.0;371.0;
8.0;10.5;372.0;
9.5;11.5;372.0;
9.5;13.5;372.0;
9.5;15.5;372.0;
8.0;17.0;653.0;
5.0;16.0;653.0;
3.0;14.0;653.0;
4.5;11.0;986.0;
6.0;9.5;986.0;
9.0;7.5;986.0;
11.0;6.5;986.0;
;
slope;
no;
3.0;8.0;0.0;
4.5;7.0;19.0;
7.5;6.5;19.0;
10.5;9.5;325.0;
10.5;11.5;326.0;
10.5;14.0;326.0;
10.0;16.5;326.0;
8.5;17.0;343.0;
6.0;16.5;673.0;
2.5;10.5;674.0;
5.5;9.5;758.0;
;
spiral;
no;
2.5;6.5;0.0;
4.5;6.5;2.0;
7.5;6.5;3.0;
9.666667;7.5;67.0;
8.5;10.5;347.0;
6.5;13.5;347.0;
4.0;16.5;365.0;
2.5;17.0;418.0;
5.5;16.5;736.0;
8.333333;16.0;737.0;
11.0;16.0;737.0;
;
z;
no;
2.0;15.5;0.0;
5.0;14.5;2.0;
6.5;13.0;173.0;
9.5;9.5;174.0;
7.0;8.5;552.0;
5.0;9.0;553.0;
4.3333335;10.5;553.0;
4.0;12.0;553.0;
6.5;11.5;569.0;
8.666667;11.0;640.0;
11.5;8.0;916.0;
;
leftAngle;
no;
2.0;10.5;0.0;
3.0;12.0;4.0;
2.0;13.0;69.0;
2.0;15.0;354.0;
3.0;16.5;354.0;
4.5;15.5;355.0;
6.5;13.5;355.0;
7.5;11.5;424.0;
8.0;13.0;705.0;
7.5;14.5;705.0;
9.0;15.5;772.0;
10.5;12.5;1100.0;
;
leftAngle;
no;
4.0;11.5;0.0;
5.5;11.5;2.0;
7.5;11.5;2.0;
9.5;10.5;2.0;
11.0;7.5;89.0;
9.0;5.5;333.0;
7.0;6.5;333.0;
5.5;7.5;333.0;
5.5;9.5;385.0;
5.5;11.5;667.0;
5.5;13.5;667.0;
6.5;15.5;668.0;
2.0;14.0;1009.0;
3.5;12.5;1009.0;
5.0;12.0;1070.0;
9.0;12.0;1106.0;
10.666667;12.5;1397.0;
;
