UserID: 2
null;
no;
3.0;16.0;0.0;
4.0;12.5;248.0;
4.0;12.0;325.0;
3.5;10.5;424.0;
6.5;10.0;648.0;
9.5;10.0;717.0;
11.5;10.0;804.0;
;
rightAngle;
no;
9.0;16.0;0.0;
9.5;13.0;138.0;
10.0;11.0;189.0;
9.5;9.5;441.0;
6.5;9.5;543.0;
4.0;9.5;614.0;
2.5;9.0;731.0;
;
leftAngle;
no;
3.0;9.0;0.0;
5.5;9.5;68.0;
6.5;10.0;119.0;
8.0;11.0;188.0;
9.0;12.5;264.0;
4.5;12.0;715.0;
7.0;11.0;782.0;
9.5;10.5;845.0;
11.5;9.5;896.0;
;
slope;
no;
3.0;9.0;0.0;
5.0;8.5;142.0;
6.5;8.5;193.0;
8.0;9.0;243.0;
10.0;9.5;369.0;
11.0;11.5;472.0;
11.5;13.0;539.0;
0.0;15.0;1235.0;
2.0;12.5;1436.0;
4.0;12.0;1504.0;
6.0;12.0;1614.0;
;
z;
no;
4.0;8.5;0.0;
6.5;9.0;55.0;
8.5;9.0;122.0;
7.5;11.0;422.0;
6.0;12.0;520.0;
4.5;13.0;536.0;
0.0;15.0;716.0;
3.0;15.0;982.0;
5.0;15.0;1034.0;
7.0;15.0;1066.0;
9.0;15.0;1136.0;
;
leftAngle;
no;
7.0;13.0;0.0;
8.0;12.0;43.0;
8.5;11.0;110.0;
6.0;9.5;237.0;
4.5;10.0;304.0;
2.5;10.5;414.0;
2.5;13.0;536.0;
5.0;13.0;655.0;
8.0;11.0;786.0;
10.5;9.0;889.0;
12.0;8.0;1012.0;
;
pigtail;
no;
0.0;12.0;0.0;
0.0;14.0;50.0;
5.0;13.0;422.0;
7.0;15.0;762.0;
11.0;12.0;1014.0;
11.0;10.0;1239.0;
;
w;
no;
2.0;13.0;0.0;
3.5;13.0;61.0;
6.0;13.0;127.0;
8.0;12.0;184.0;
9.0;9.5;426.0;
7.0;10.0;489.0;
6.0;12.0;640.0;
7.0;14.0;725.0;
7.0;16.0;806.0;
2.0;16.0;1736.0;
4.0;15.0;1903.0;
7.0;15.0;2019.0;
10.0;15.0;2145.0;
;
z;
no;
2.0;13.0;0.0;
2.0;10.0;84.0;
2.5;10.0;154.0;
2.5;8.0;256.0;
5.5;8.0;560.0;
7.5;8.5;621.0;
9.5;9.0;785.0;
;
rightAngle;
no;
10.0;13.0;0.0;
10.0;11.0;166.0;
10.0;9.5;220.0;
9.5;8.0;339.0;
8.0;7.0;665.0;
5.0;7.0;768.0;
3.0;7.0;817.0;
;
leftAngle;
no;
4.0;9.5;0.0;
5.0;10.0;34.0;
7.0;11.0;101.0;
8.0;13.0;215.0;
5.0;15.0;451.0;
3.5;12.0;688.0;
6.0;10.0;795.0;
8.0;9.5;862.0;
10.5;8.5;1039.0;
;
slope;
no;
4.0;8.0;0.0;
5.5;8.0;51.0;
7.0;8.0;136.0;
9.5;9.0;237.0;
11.0;11.0;449.0;
11.0;13.0;467.0;
5.0;11.5;1294.0;
6.5;12.0;1477.0;
;
spiral;
no;
4.0;6.0;0.0;
6.0;6.0;53.0;
8.5;7.0;175.0;
9.5;9.0;284.0;
10.0;13.0;462.0;
7.0;13.0;595.0;
4.0;13.0;707.0;
2.0;10.0;871.0;
4.5;9.0;1025.0;
6.5;9.0;1059.0;
;
spiral;
no;
4.0;6.0;0.0;
8.0;6.0;130.0;
10.0;6.0;182.0;
10.0;8.0;447.0;
8.0;9.0;466.0;
6.0;10.0;533.0;
2.0;12.0;715.0;
5.0;12.0;890.0;
7.5;12.0;941.0;
9.5;12.0;1049.0;
;
z;
no;
4.0;13.0;0.0;
6.0;12.0;51.0;
7.0;11.0;114.0;
7.0;9.0;274.0;
3.5;9.0;358.0;
2.0;10.0;438.0;
3.5;12.0;593.0;
7.0;11.0;733.0;
9.5;9.0;840.0;
11.0;7.0;945.0;
;
pigtail;
no;
1.0;7.0;0.0;
0.0;10.0;161.0;
0.5;11.0;231.0;
5.0;10.0;631.0;
5.5;8.5;780.0;
5.0;11.0;932.0;
7.0;13.0;1052.0;
9.5;13.0;1180.0;
11.0;10.0;1298.0;
12.0;7.0;1472.0;
;
w;
no;
3.0;9.5;0.0;
4.0;10.0;68.0;
6.0;10.0;141.0;
9.0;10.0;192.0;
11.0;9.5;242.0;
9.0;6.0;546.0;
6.5;6.5;657.0;
6.5;8.5;809.0;
7.0;10.0;896.0;
7.0;12.0;952.0;
4.0;12.0;1618.0;
7.5;12.0;1725.0;
9.5;12.0;1792.0;
;
pigtail;
no;
3.5;9.5;0.0;
3.0;7.0;180.0;
3.0;7.0;267.0;
4.5;6.0;407.0;
6.5;6.0;459.0;
8.5;5.5;526.0;
11.0;6.0;647.0;
;
rightAngle;
no;
10.0;13.0;0.0;
10.5;12.0;123.0;
11.0;11.0;172.0;
10.5;9.0;302.0;
10.0;7.5;595.0;
7.5;7.0;712.0;
5.0;7.0;778.0;
3.0;7.0;897.0;
;
leftAngle;
no;
3.0;7.0;0.0;
4.5;8.0;129.0;
6.0;8.0;181.0;
8.0;9.5;296.0;
9.0;12.0;483.0;
4.0;14.0;784.0;
2.0;12.0;1035.0;
4.0;10.0;1150.0;
5.5;9.0;1184.0;
7.5;8.5;1251.0;
9.5;8.0;1311.0;
11.0;7.0;1491.0;
;
slope;
no;
3.0;6.0;0.0;
5.0;6.0;97.0;
6.5;6.0;114.0;
8.5;7.0;181.0;
9.0;8.5;272.0;
10.5;10.0;408.0;
10.0;13.0;474.0;
5.0;15.0;768.0;
1.0;10.0;1061.0;
3.5;10.0;1200.0;
5.5;10.0;1336.0;
;
spiral;
no;
1.5;6.0;0.0;
3.0;6.5;89.0;
5.0;7.0;137.0;
8.0;7.0;191.0;
10.0;7.5;320.0;
8.5;9.5;424.0;
7.0;11.0;484.0;
5.0;13.0;535.0;
6.5;14.0;1013.0;
9.0;14.0;1132.0;
;
z;
no;
5.5;14.0;0.0;
7.0;13.0;146.0;
7.0;11.0;277.0;
8.0;9.0;362.0;
6.0;8.0;488.0;
3.5;9.5;618.0;
7.0;11.0;905.0;
8.5;9.0;957.0;
;
leftAngle;
no;
1.0;10.0;0.0;
1.0;13.0;151.0;
5.0;13.0;388.0;
6.0;11.0;506.0;
6.0;13.0;755.0;
8.0;13.0;882.0;
10.0;12.5;983.0;
11.0;11.0;1050.0;
11.0;8.5;1169.0;
;
w;
no;
2.0;10.0;0.0;
4.5;10.0;178.0;
7.0;10.0;253.0;
9.0;9.5;303.0;
10.0;8.0;417.0;
7.0;7.0;541.0;
5.5;8.5;698.0;
5.5;11.0;783.0;
6.0;13.0;853.0;
6.0;16.0;1013.0;
3.0;16.0;1170.0;
4.0;12.0;1503.0;
6.0;12.0;1556.0;
8.0;12.5;1606.0;
9.5;13.0;1811.0;
;
