UserID: 2
null;
no;
5.0;15.0;0.0;
5.0;13.5;218.0;
5.0;13.0;298.0;
5.0;10.5;395.0;
5.5;9.0;789.0;
7.5;8.5;974.0;
12.0;8.0;1398.0;
;
rightAngle;
no;
12.0;15.0;0.0;
12.0;13.0;67.0;
12.0;10.5;404.0;
9.5;8.0;798.0;
6.5;7.5;802.0;
5.0;7.0;802.0;
;
leftAngle;
no;
5.0;8.0;0.0;
7.5;9.0;11.0;
9.0;10.0;17.0;
9.5;14.0;440.0;
7.0;14.0;794.0;
5.0;13.0;794.0;
6.0;11.5;862.0;
7.5;11.0;1141.0;
9.5;10.0;1143.0;
;
spiral;
no;
6.0;8.0;0.0;
7.0;8.5;319.0;
7.5;9.0;320.0;
9.0;10.0;320.0;
7.0;15.0;1106.0;
4.5;13.0;1107.0;
5.0;10.5;1141.0;
7.0;9.5;1405.0;
8.5;8.5;1406.0;
;
slope;
no;
4.0;7.0;0.0;
6.0;7.0;373.0;
7.5;7.0;374.0;
9.5;8.5;374.0;
12.0;13.0;714.0;
9.0;14.0;782.0;
6.0;14.0;1110.0;
4.0;13.0;1110.0;
4.5;10.5;1206.0;
6.0;11.0;1551.0;
7.5;10.5;1552.0;
;
spiral;
no;
4.0;6.0;0.0;
5.5;6.0;28.0;
7.0;6.5;109.0;
8.5;7.0;373.0;
10.0;7.5;374.0;
9.0;9.5;783.0;
7.5;11.0;783.0;
6.0;12.0;783.0;
4.5;12.5;783.0;
3.0;13.0;800.0;
5.5;14.0;1120.0;
8.0;14.0;1121.0;
;
z;
no;
6.0;13.0;0.0;
7.5;12.5;2.0;
8.5;11.0;3.0;
8.0;9.5;3.0;
5.5;10.5;367.0;
5.0;12.0;369.0;
6.5;13.0;370.0;
8.5;12.5;444.0;
;
pigtail;
no;
3.5;9.5;0.0;
3.0;10.5;92.0;
3.0;13.0;327.0;
7.0;11.0;550.0;
8.5;13.0;909.0;
;
leftAngle;
yes;
2.5;9.5;0.0;
3.5;10.0;9.0;
4.5;10.0;10.0;
6.5;10.0;10.0;
8.5;9.5;55.0;
9.0;8.0;336.0;
6.0;8.0;404.0;
5.5;9.5;821.0;
6.0;12.0;821.0;
7.0;14.0;1114.0;
5.5;15.0;1114.0;
4.0;13.0;1463.0;
6.5;12.5;1482.0;
8.5;12.5;1534.0;
12.0;12.5;1891.0;
;
z;
no;
5.0;14.0;0.0;
5.0;12.0;13.0;
5.0;10.5;13.0;
4.5;9.0;42.0;
5.5;7.5;394.0;
8.5;7.5;708.0;
12.0;7.0;708.0;
;
rightAngle;
no;
9.5;7.5;0.0;
7.5;7.5;57.0;
6.0;7.0;331.0;
4.0;7.0;331.0;
;
w;
no;
5.0;6.5;0.0;
7.0;7.5;3.0;
8.5;8.5;3.0;
10.0;9.0;139.0;
4.0;10.0;708.0;
7.5;7.5;1056.0;
9.5;6.5;1056.0;
;
slope;
no;
6.0;6.0;0.0;
7.5;6.0;3.0;
9.0;6.0;21.0;
7.0;14.0;812.0;
4.5;13.0;848.0;
4.0;10.0;1126.0;
7.0;10.0;1144.0;
;
spiral;
no;
2.5;6.0;0.0;
4.0;6.0;3.0;
5.5;6.0;3.0;
9.0;6.5;3.0;
9.5;8.5;343.0;
8.0;9.5;343.0;
4.0;14.0;727.0;
6.5;14.0;1104.0;
9.0;14.0;1104.0;
;
z;
no;
6.0;15.0;0.0;
7.0;13.0;356.0;
9.0;12.5;357.0;
9.0;9.5;357.0;
6.5;8.5;418.0;
5.0;8.0;705.0;
4.0;9.5;705.0;
5.0;12.0;758.0;
8.0;11.0;1047.0;
9.0;9.5;1047.0;
12.0;6.0;1390.0;
;
leftAngle;
no;
3.0;7.0;0.0;
2.5;8.5;277.0;
2.5;9.5;278.0;
3.0;11.666667;623.0;
4.0;13.5;623.0;
5.5;14.0;658.0;
7.0;12.5;960.0;
7.5;11.0;960.0;
8.0;9.5;960.0;
7.5;8.0;1304.0;
7.5;10.0;1446.0;
8.5;13.0;1692.0;
;
leftAngle;
no;
12.0;11.5;0.0;
12.0;6.0;353.0;
12.0;5.0;669.0;
;
leftAngle;
no;
0.5;10.5;0.0;
1.0;13.0;365.0;
2.5;13.0;365.0;
6.0;11.0;365.0;
5.5;9.5;700.0;
6.0;11.0;701.0;
7.5;13.0;839.0;
12.0;10.0;1122.0;
12.0;6.0;1472.0;
;
w;
no;
3.0;9.5;0.0;
4.5;10.5;343.0;
6.5;10.5;345.0;
8.0;9.5;345.0;
9.5;9.0;345.0;
10.0;7.0;448.0;
6.0;8.0;689.0;
6.0;10.0;817.0;
7.0;12.0;1086.0;
7.0;14.0;1087.0;
2.5;12.5;1889.0;
6.0;12.0;1890.0;
9.5;12.5;1890.0;
11.5;12.0;1940.0;
;
doubleSlope;
no;
5.0;14.0;0.0;
4.0;13.0;18.0;
4.0;12.0;34.0;
3.5;9.5;345.0;
4.5;7.0;735.0;
7.5;7.5;770.0;
;
rightAngle;
no;
10.0;14.0;0.0;
10.0;12.5;349.0;
10.0;12.0;350.0;
9.5;9.0;384.0;
6.5;8.0;669.0;
4.5;8.0;693.0;
2.5;8.0;799.0;
;
leftAngle;
no;
4.0;7.5;0.0;
5.0;8.0;54.0;
6.5;8.5;339.0;
9.0;9.5;339.0;
9.5;11.25;340.0;
6.0;15.0;721.0;
4.0;13.0;1089.0;
4.0;11.0;1089.0;
6.5;9.5;1107.0;
8.5;9.0;1158.0;
12.0;8.5;1444.0;
;
slope;
no;
4.0;8.0;0.0;
5.0;7.5;3.0;
7.5;7.5;51.0;
9.0;8.5;354.0;
12.0;11.0;355.0;
9.0;14.0;694.0;
5.5;14.0;712.0;
4.0;13.0;762.0;
3.5;10.5;1086.0;
5.5;10.5;1087.0;
7.5;11.0;1119.0;
;
spiral;
no;
3.0;7.5;0.0;
4.0;8.0;3.0;
6.5;8.5;56.0;
8.5;8.5;348.0;
7.0;12.0;688.0;
5.0;12.0;689.0;
3.5;13.0;689.0;
5.0;14.0;1079.0;
7.0;14.0;1080.0;
9.0;14.0;1132.0;
;
z;
yes;
8.0;13.5;0.0;
9.0;12.5;3.0;
9.0;12.0;3.0;
9.0;9.0;3.0;
7.0;9.0;4.0;
4.5;10.0;121.0;
4.0;12.0;403.0;
6.5;12.0;404.0;
8.0;11.0;422.0;
10.0;10.5;475.0;
12.0;8.5;768.0;
;
pigtail;
no;
2.5;10.0;0.0;
2.0;13.0;3.0;
7.0;11.5;388.0;
8.0;13.5;738.0;
9.5;14.0;755.0;
12.0;12.5;1118.0;
;
