UserID: 2
null;
no;
4.0;11.0;0.0;
4.0;9.0;48.0;
4.0;8.0;116.0;
7.0;7.0;421.0;
9.0;7.0;723.0;
;
rightAngle;
no;
11.0;14.0;0.0;
11.0;12.0;4.0;
11.0;10.0;5.0;
11.0;8.0;5.0;
11.0;6.0;395.0;
9.0;6.0;396.0;
6.0;6.0;464.0;
4.0;6.0;738.0;
1.5;6.0;738.0;
;
leftAngle;
no;
6.0;6.0;0.0;
8.0;7.0;294.0;
9.0;8.0;294.0;
10.0;10.0;294.0;
11.0;11.5;294.0;
3.0;10.0;767.0;
5.5;8.0;1065.0;
8.0;6.0;1065.0;
;
spiral;
no;
8.0;6.0;0.0;
10.0;7.0;60.0;
5.0;15.0;799.0;
2.0;12.0;799.0;
3.0;10.0;869.0;
6.0;9.0;1137.0;
8.0;9.0;1137.0;
;
spiral;
no;
5.0;7.0;0.0;
10.5;7.0;333.0;
11.0;7.0;334.0;
9.0;10.0;427.0;
7.0;12.0;686.0;
4.0;15.0;1054.0;
6.0;15.0;1054.0;
12.0;14.0;1054.0;
;
z;
no;
8.0;12.0;0.0;
9.0;8.0;51.0;
7.0;8.0;84.0;
5.0;11.0;319.0;
7.0;12.0;338.0;
;
leftAngle;
no;
3.0;10.0;0.0;
4.0;13.0;246.0;
5.0;14.0;247.0;
8.0;12.0;587.0;
8.5;10.0;587.0;
9.0;11.5;965.0;
9.0;13.5;965.0;
11.0;14.0;1017.0;
;
leftAngle;
no;
2.0;13.0;0.0;
6.5;11.0;418.0;
7.0;10.0;423.0;
7.0;12.0;423.0;
8.0;14.0;838.0;
11.0;12.0;839.0;
12.0;9.0;839.0;
;
z;
yes;
3.0;9.0;0.0;
4.0;10.0;53.0;
5.0;10.0;334.0;
7.0;10.0;334.0;
9.0;10.0;351.0;
12.0;7.0;689.0;
11.0;5.0;690.0;
9.0;5.0;1046.0;
7.5;6.0;1047.0;
7.0;8.0;1131.0;
7.5;10.5;1387.0;
8.0;13.0;1387.0;
7.0;16.0;1752.0;
5.0;17.0;1756.0;
;
pigtail;
no;
3.0;12.5;0.0;
4.0;12.0;2.0;
6.0;12.0;2.0;
10.0;12.5;48.0;
12.0;13.0;320.0;
;
w;
no;
4.0;9.0;0.0;
5.0;9.5;4.0;
6.5;9.5;5.0;
9.0;9.0;69.0;
11.0;8.0;340.0;
9.5;5.0;433.0;
7.5;6.0;720.0;
7.0;8.0;720.0;
7.5;10.0;789.0;
8.0;13.0;1071.0;
7.0;15.0;1071.0;
5.0;16.0;1141.0;
3.0;14.0;1404.0;
4.0;12.5;1404.0;
6.5;12.0;1489.0;
8.0;12.5;1753.0;
10.0;13.0;1754.0;
12.0;13.0;1754.0;
;
doubleSlope;
no;
4.0;13.0;0.0;
4.0;11.0;332.0;
4.0;10.5;333.0;
4.0;8.5;333.0;
4.0;6.0;652.0;
6.5;6.0;1108.0;
9.0;6.0;1109.0;
11.0;6.5;1109.0;
;
rightAngle;
no;
9.5;13.0;0.0;
10.0;12.0;70.0;
10.0;10.0;308.0;
10.0;8.0;308.0;
10.0;5.5;345.0;
8.5;5.0;1014.0;
6.0;5.0;1014.0;
3.5;5.5;1014.0;
;
leftAngle;
no;
5.0;6.0;0.0;
7.0;7.0;51.0;
8.0;7.5;331.0;
10.0;9.0;331.0;
10.5;10.5;331.0;
10.5;12.5;425.0;
9.0;14.0;694.0;
7.0;14.0;695.0;
5.0;13.0;711.0;
5.0;10.5;1061.0;
6.5;8.0;1061.0;
8.0;7.0;1062.0;
9.5;6.0;1127.0;
11.0;5.0;1418.0;
;
slope;
no;
5.0;7.0;0.0;
7.0;7.0;68.0;
8.5;7.0;351.0;
10.0;8.0;351.0;
11.0;10.0;368.0;
12.0;12.0;758.0;
11.0;14.0;760.0;
6.0;16.0;841.0;
3.5;12.0;1102.0;
4.0;10.0;1454.0;
6.0;10.0;1454.0;
8.0;10.0;1454.0;
;
spiral;
no;
5.5;6.0;0.0;
8.5;6.5;353.0;
9.5;6.5;354.0;
8.0;8.5;687.0;
6.0;11.0;687.0;
4.0;14.0;707.0;
6.0;15.0;1143.0;
8.0;15.0;1418.0;
10.5;15.0;1418.0;
;
z;
no;
5.0;15.0;0.0;
5.5;14.0;3.0;
6.0;13.0;4.0;
7.5;11.0;61.0;
8.0;9.5;451.0;
7.0;8.0;452.0;
5.0;8.0;762.0;
4.0;10.0;762.0;
5.0;12.0;779.0;
7.0;12.0;1114.0;
10.0;11.0;1120.0;
11.0;9.5;1136.0;
;
pigtail;
no;
2.0;9.0;0.0;
2.0;12.0;262.0;
2.0;13.0;312.0;
4.0;14.0;571.0;
6.0;12.0;718.0;
6.5;10.0;973.0;
7.5;12.0;1333.0;
9.0;14.0;1739.0;
11.0;13.0;1739.0;
12.0;11.0;1739.0;
12.0;9.0;1791.0;
12.0;7.0;2081.0;
;
w;
no;
4.0;9.0;0.0;
5.5;9.0;104.0;
6.0;9.0;410.0;
8.0;9.0;411.0;
9.5;8.0;411.0;
10.0;6.0;816.0;
9.0;4.5;882.0;
7.0;5.0;1203.0;
6.5;7.0;1298.0;
6.5;9.0;1537.0;
7.0;11.0;1537.0;
7.0;13.0;1925.0;
7.0;15.0;1925.0;
6.0;17.0;1926.0;
4.0;17.0;2009.0;
3.0;13.0;2375.0;
5.0;13.0;2674.0;
7.0;12.5;2675.0;
9.0;12.5;2675.0;
11.0;12.5;2725.0;
;
doubleSlope;
yes;
4.0;13.0;0.0;
4.0;11.0;4.0;
4.0;9.5;4.0;
4.0;7.0;378.0;
7.0;7.5;734.0;
10.0;7.5;734.0;
;
rightAngle;
no;
11.0;15.0;0.0;
10.0;13.0;87.0;
10.0;13.0;345.0;
9.5;11.5;345.0;
10.0;9.0;345.0;
10.5;7.0;430.0;
9.0;6.5;730.0;
7.5;7.0;1063.0;
5.5;7.0;1064.0;
;
leftAngle;
no;
5.0;7.0;0.0;
6.0;8.0;355.0;
7.0;8.0;356.0;
8.5;10.0;356.0;
9.0;12.0;356.0;
9.0;14.0;445.0;
7.0;16.0;729.0;
3.5;12.5;1164.0;
4.0;11.0;1165.0;
7.0;9.0;1165.0;
9.0;8.0;1165.0;
11.0;6.0;1273.0;
;
slope;
no;
3.5;7.0;0.0;
4.5;6.5;5.0;
6.0;6.5;5.0;
8.0;6.5;17.0;
10.0;7.5;378.0;
11.0;9.5;379.0;
10.0;12.0;379.0;
9.0;14.0;479.0;
5.0;15.0;750.0;
2.0;11.5;1093.0;
3.5;10.0;1094.0;
5.5;9.0;1445.0;
7.5;9.0;1445.0;
;
spiral;
no;
3.0;7.0;0.0;
4.0;7.5;6.0;
5.0;7.0;7.0;
7.0;7.5;7.0;
9.0;7.5;49.0;
7.0;9.5;417.0;
6.5;11.0;417.0;
5.0;12.0;417.0;
2.0;15.0;772.0;
4.5;15.0;839.0;
8.0;15.0;1124.0;
10.0;15.0;1124.0;
;
z;
no;
4.0;17.0;0.0;
6.5;13.0;42.0;
8.0;10.0;253.0;
6.0;9.0;340.0;
4.5;10.0;592.0;
4.0;11.5;593.0;
5.0;13.0;626.0;
9.0;12.0;887.0;
10.0;10.0;888.0;
11.0;7.0;1049.0;
12.0;5.0;1304.0;
;
pigtail;
no;
2.0;13.0;0.0;
6.0;13.0;343.0;
6.0;12.0;348.0;
7.0;14.0;705.0;
9.0;15.0;706.0;
10.0;13.0;815.0;
11.0;11.0;1060.0;
11.5;7.0;1127.0;
;
