UserID: 2
null;
no;
4.0;16.0;0.0;
4.0;13.0;135.0;
4.5;12.0;198.0;
5.0;10.0;246.0;
5.0;7.5;391.0;
7.0;7.5;610.0;
9.0;7.5;661.0;
10.5;7.0;719.0;
;
rightAngle;
no;
12.0;15.0;0.0;
12.0;13.0;103.0;
12.0;11.0;241.0;
12.0;8.0;292.0;
10.0;7.0;709.0;
7.5;7.0;830.0;
5.0;7.5;998.0;
;
leftAngle;
no;
6.0;6.0;0.0;
7.0;6.5;38.0;
8.0;7.0;85.0;
10.0;8.5;222.0;
11.0;10.5;350.0;
10.0;13.0;436.0;
6.0;15.0;685.0;
5.0;11.0;812.0;
7.0;9.0;936.0;
9.0;7.0;1041.0;
11.0;6.0;1042.0;
;
slope;
no;
7.0;5.0;0.0;
9.5;5.0;120.0;
11.5;6.0;246.0;
12.0;11.0;584.0;
11.0;13.0;650.0;
9.0;14.0;782.0;
6.0;13.0;913.0;
4.5;12.0;998.0;
5.0;9.0;1189.0;
7.0;8.0;1303.0;
;
spiral;
no;
8.0;5.0;0.0;
9.5;5.0;65.0;
11.0;5.0;174.0;
9.0;7.0;498.0;
7.0;9.0;600.0;
5.0;11.0;720.0;
3.0;13.0;830.0;
5.5;13.0;1191.0;
8.5;13.0;1312.0;
10.5;13.0;1471.0;
;
leftAngle;
no;
5.0;15.0;0.0;
6.0;13.0;109.0;
8.0;11.0;223.0;
8.5;9.0;386.0;
6.5;8.0;565.0;
5.5;10.0;648.0;
5.0;12.0;773.0;
8.0;12.0;953.0;
10.0;10.0;1064.0;
;
pigtail;
no;
3.0;9.0;0.0;
3.0;11.0;122.0;
3.0;13.0;172.0;
4.0;15.0;403.0;
6.0;14.0;471.0;
7.0;12.0;591.0;
7.5;10.0;739.0;
8.0;12.0;998.0;
8.5;14.0;1131.0;
11.0;14.0;1306.0;
12.0;12.0;1417.0;
12.0;10.0;1551.0;
12.0;8.0;1697.0;
;
w;
no;
4.0;8.0;0.0;
5.5;8.5;159.0;
7.0;8.5;176.0;
9.0;8.0;339.0;
10.5;7.0;531.0;
11.0;5.0;840.0;
9.0;4.0;1070.0;
8.0;6.0;1256.0;
7.0;8.0;1364.0;
7.0;10.0;1512.0;
7.0;13.0;1597.0;
7.0;15.0;1732.0;
5.0;16.0;1870.0;
;
pigtail;
no;
3.0;13.0;0.0;
4.0;12.0;48.0;
4.5;11.5;147.0;
6.5;11.0;375.0;
9.5;11.0;375.0;
12.0;11.0;594.0;
;
rightAngle;
no;
4.0;10.0;0.0;
6.0;11.0;245.0;
7.5;11.0;295.0;
10.0;10.5;414.0;
11.5;9.5;605.0;
12.0;8.0;733.0;
10.0;5.0;953.0;
8.5;6.5;1135.0;
8.0;8.0;1215.0;
8.0;10.0;1300.0;
8.0;12.5;1432.0;
7.0;16.0;1601.0;
5.0;16.0;1736.0;
5.0;14.0;1903.0;
5.5;12.5;2082.0;
8.0;12.5;2201.0;
9.5;13.0;2255.0;
11.5;13.0;2366.0;
;
doubleSlope;
no;
5.0;15.0;0.0;
5.0;13.0;114.0;
5.0;12.0;181.0;
6.0;10.5;281.0;
6.0;8.0;367.0;
6.0;6.0;484.0;
8.0;6.0;846.0;
10.0;6.5;947.0;
12.0;6.5;1014.0;
;
rightAngle;
no;
10.0;14.0;0.0;
11.0;12.0;141.0;
11.0;11.0;175.0;
11.0;8.0;335.0;
9.5;7.0;759.0;
7.5;7.0;884.0;
5.5;7.0;1016.0;
;
leftAngle;
no;
5.0;7.0;0.0;
7.0;8.0;167.0;
8.0;8.0;274.0;
10.0;10.0;361.0;
11.0;12.0;469.0;
10.0;14.0;608.0;
6.0;16.0;784.0;
4.0;14.0;886.0;
4.0;12.0;1014.0;
5.5;10.0;1143.0;
8.5;9.0;1245.0;
11.0;7.5;1362.0;
;
slope;
no;
5.0;7.0;0.0;
6.5;7.0;134.0;
7.5;7.0;134.0;
10.0;7.0;303.0;
11.0;8.5;372.0;
12.0;12.0;543.0;
11.0;15.0;666.0;
8.5;16.0;830.0;
6.0;16.0;903.0;
4.0;13.0;1013.0;
5.0;10.0;1186.0;
7.5;10.0;1316.0;
9.5;10.0;1499.0;
;
spiral;
no;
4.0;7.0;0.0;
5.5;7.0;103.0;
7.0;7.0;184.0;
10.0;7.0;287.0;
9.0;9.5;570.0;
7.5;11.0;669.0;
5.0;14.0;771.0;
3.0;16.0;934.0;
5.5;16.0;1166.0;
9.0;16.0;1327.0;
10.5;15.5;1344.0;
;
z;
no;
4.0;16.0;0.0;
6.0;15.0;139.0;
7.0;14.0;174.0;
8.5;12.0;318.0;
9.0;10.0;421.0;
7.0;9.0;586.0;
5.0;10.0;658.0;
4.0;13.0;838.0;
9.0;12.0;1067.0;
10.0;10.5;1149.0;
12.0;8.0;1250.0;
;
pigtail;
yes;
2.0;11.0;0.0;
2.5;13.0;101.0;
2.5;14.0;164.0;
4.0;15.0;346.0;
6.0;12.0;573.0;
7.0;14.0;996.0;
9.0;15.0;1127.0;
12.0;12.0;1348.0;
;
leftAngle;
no;
4.0;10.0;0.0;
5.5;10.0;67.0;
6.5;10.0;186.0;
8.5;9.5;187.0;
11.0;8.0;375.0;
10.0;5.0;615.0;
8.0;6.0;827.0;
7.5;8.5;913.0;
7.5;11.5;1017.0;
8.0;13.0;1082.0;
7.5;15.0;1168.0;
6.0;16.0;1272.0;
3.5;12.0;1552.0;
6.0;12.0;1673.0;
9.5;12.0;1791.0;
11.5;12.0;1907.0;
;
doubleSlope;
no;
5.0;14.0;0.0;
5.5;11.0;174.0;
5.5;10.0;228.0;
5.5;7.0;400.0;
7.0;6.5;742.0;
10.5;7.0;822.0;
;
rightAngle;
no;
11.0;12.0;0.0;
11.0;10.0;114.0;
11.0;8.0;260.0;
11.0;6.0;295.0;
9.0;6.0;664.0;
6.5;6.0;778.0;
4.5;6.0;963.0;
;
leftAngle;
no;
6.0;6.0;0.0;
6.5;7.0;136.0;
7.5;8.0;172.0;
9.5;10.0;316.0;
10.5;12.5;399.0;
10.0;14.0;496.0;
6.0;16.0;657.0;
4.0;14.0;840.0;
4.0;11.5;892.0;
5.5;10.0;941.0;
7.5;9.0;1016.0;
9.5;8.0;1052.0;
11.0;7.0;1118.0;
;
slope;
no;
4.0;7.0;0.0;
6.0;7.0;54.0;
7.5;6.0;164.0;
10.0;7.0;234.0;
11.0;12.0;539.0;
11.0;14.0;590.0;
9.0;16.0;705.0;
7.0;16.0;773.0;
5.0;15.0;889.0;
3.5;13.0;1075.0;
4.0;11.5;1124.0;
5.5;10.0;1251.0;
8.0;10.0;1375.0;
;
spiral;
no;
5.0;6.5;0.0;
6.5;7.0;68.0;
8.5;6.5;118.0;
10.5;7.0;251.0;
8.5;9.5;581.0;
6.0;12.0;665.0;
5.0;14.0;743.0;
3.0;15.0;907.0;
5.5;15.0;1077.0;
8.0;15.0;1128.0;
10.0;15.0;1222.0;
;
z;
no;
6.0;14.0;0.0;
7.0;13.0;67.0;
8.0;11.5;126.0;
9.0;10.0;198.0;
9.0;8.0;315.0;
6.5;8.5;482.0;
5.0;11.0;536.0;
6.0;12.5;728.0;
8.0;12.0;819.0;
10.0;10.0;902.0;
11.0;8.0;967.0;
;
pigtail;
no;
3.0;9.0;0.0;
3.0;11.0;98.0;
3.0;13.0;168.0;
5.0;14.0;343.0;
7.0;11.0;517.0;
8.5;13.0;970.0;
10.0;14.0;1128.0;
11.0;11.5;1281.0;
12.0;9.5;1348.0;
;
w;
no;
5.0;11.0;0.0;
7.0;11.0;101.0;
8.0;11.0;162.0;
10.0;10.5;268.0;
10.5;9.0;695.0;
11.0;7.0;821.0;
9.0;6.0;988.0;
7.5;8.0;1091.0;
8.0;10.5;1220.0;
8.0;13.0;1336.0;
8.0;15.0;1500.0;
8.0;17.0;1518.0;
6.0;17.0;1669.0;
4.0;13.0;1934.0;
6.0;12.0;2062.0;
8.5;12.0;2175.0;
12.0;12.5;2316.0;
;
